contigName	contigLen	totalAvgDepth	aln.sorted.bam	aln.sorted.bam-var
k39_28	8228	9.11018	9.11018	10.2259
k39_58770	6776	8.05946	8.05946	6.65155
k39_58780	1130	3.1551	3.1551	1.39982
k39_39205	1315	3.19056	3.19056	1.49803
k39_92	2045	8.34776	8.34776	7.60181
k39_105	4759	6.91799	6.91799	6.75058
k39_137133	2820	7.81573	7.81573	12.2209
k39_137142	2377	3.94881	3.94881	3.00008
k39_39245	1040	2.65506	2.65506	0.959617
k39_98031	2283	4.07079	4.07079	2.90442
k39_117	3783	6.11891	6.11891	5.78096
k39_78449	1449	4.35489	4.35489	4.71912
k39_126	1033	2.57078	2.57078	0.989035
k39_137183	1473	3.51625	3.51625	1.95645
k39_117649	1708	5.58986	5.58986	3.85034
k39_145	7444	8.62874	8.62874	11.3122
k39_78492	1576	3.45231	3.45231	1.67246
k39_39337	1164	4.08678	4.08678	3.61737
k39_162	1064	3.2221	3.2221	1.47854
k39_98131	1662	3.86045	3.86045	5.01493
k39_58926	1201	3.27498	3.27498	1.5386
k39_39350	1146	5.28313	5.28313	7.89967
k39_98135	1247	2.90337	2.90337	1.99065
k39_19826	13802	8.07208	8.07208	8.30589
k39_185	2926	7.96794	7.96794	8.59468
k39_39374	1140	5.32323	5.32323	2.71847
k39_117712	1084	3.07281	3.07281	1.11796
k39_98169	7681	7.07848	7.07848	5.1103
k39_39389	2514	3.30668	3.30668	1.29101
k39_78556	1706	8.22429	8.22429	4.68213
k39_58961	15374	7.9353	7.9353	9.28058
k39_58964	1579	4.60182	4.60182	5.1068
k39_229	1499	9.20385	9.20385	6.00956
k39_39415	1080	9.83978	9.83978	7.82037
k39_237	5479	6.47964	6.47964	6.09723
k39_58991	1248	5.69126	5.69126	5.1434
k39_243	3040	5.76125	5.76125	7.99128
k39_78616	1827	3.20513	3.20513	1.79084
k39_39467	1112	3.15177	3.15177	1.56488
k39_98242	14200	7.51644	7.51644	7.83311
k39_263	15209	8.46849	8.46849	9.8589
k39_117824	2728	7.9263	7.9263	6.83368
k39_117832	1584	4.57043	4.57043	2.58159
k39_279	1605	3.28729	3.28729	1.37269
k39_137389	1982	7.25928	7.25928	6.10489
k39_78668	1480	4.39774	4.39774	2.70323
k39_59068	2615	9.18012	9.18012	16.9482
k39_137407	3170	3.83477	3.83477	2.61958
k39_59073	1621	3.87084	3.87084	1.0663
k39_293	2070	7.10469	7.10469	5.60082
k39_298	2063	4.38944	4.38944	3.87495
k39_117876	1083	3.09646	3.09646	2.84475
k39_39519	1009	5.60652	5.60652	5.13637
k39_59081	1514	2.82551	2.82551	0.779509
k39_137426	1005	6.04561	6.04561	7.49323
k39_78709	1297	2.61029	2.61029	1.34973
k39_78719	1404	4.5949	4.5949	3.38084
k39_137435	4758	4.89453	4.89453	5.91147
k39_59099	1787	6.95235	6.95235	4.0833
k39_59105	4163	6.3546	6.3546	4.22895
k39_39555	2144	9.41876	9.41876	7.19387
k39_117904	1711	4.67905	4.67905	5.02963
k39_339	1413	7.72684	7.72684	3.75971
k39_39568	1188	3.14644	3.14644	2.12318
k39_20023	10184	7.80905	7.80905	11.1482
k39_59132	1536	6.88384	6.88384	2.53162
k39_20026	9169	8.51236	8.51236	10.9678
k39_39610	1521	3.03136	3.03136	1.66689
k39_59148	3546	8.51649	8.51649	9.18402
k39_78791	11250	7.86982	7.86982	7.53718
k39_399	1296	4.6911	4.6911	2.43027
k39_137504	1278	3.67996	3.67996	1.68366
k39_407	1502	3.72411	3.72411	1.81504
k39_78797	1097	3.15312	3.15312	1.35814
k39_39626	1231	8.61332	8.61332	12.2874
k39_137515	1209	2.77337	2.77337	0.757657
k39_137519	1091	7.76833	7.76833	2.66542
k39_59174	6078	7.472	7.472	8.77494
k39_118002	2328	4.70937	4.70937	5.46763
k39_20082	1203	2.77303	2.77303	1.32391
k39_98410	1293	3.56955	3.56955	1.17007
k39_118011	1485	3.39401	3.39401	2.9106
k39_78818	1152	3.73952	3.73952	2.06695
k39_118035	1806	6.49698	6.49698	4.76735
k39_118036	1347	4.57644	4.57644	2.79285
k39_78839	1317	5.14396	5.14396	2.10619
k39_98473	1470	10.3644	10.3644	6.79582
k39_137602	3336	5.82831	5.82831	6.02416
k39_20145	1439	6.62374	6.62374	5.14013
k39_98498	4485	6.69896	6.69896	7.31239
k39_39690	1078	2.35129	2.35129	1.01562
k39_137616	1137	2.90983	2.90983	1.46753
k39_98517	1179	3.3518	3.3518	1.73605
k39_39712	2485	8.74518	8.74518	10.362
k39_78883	6823	9.50997	9.50997	21.518
k39_543	5348	8.37053	8.37053	8.05161
k39_20194	2074	3.90229	3.90229	2.72267
k39_59289	1469	8.94996	8.94996	6.15832
k39_20195	3935	5.17543	5.17543	4.30596
k39_39721	5692	5.83111	5.83111	5.35986
k39_137656	1320	3.90171	3.90171	2.36073
k39_20207	1076	2.50864	2.50864	1.10642
k39_98540	1422	7.3294	7.3294	4.95907
k39_137661	1467	4.41913	4.41913	3.29685
k39_39730	1284	2.71605	2.71605	1.42327
k39_78897	4242	4.47629	4.47629	3.9356
k39_98549	13327	7.07604	7.07604	6.66206
k39_118120	1688	8.25423	8.25423	3.96721
k39_78912	1342	4.70973	4.70973	3.59157
k39_39752	3692	4.2476	4.2476	2.55296
k39_588	1248	3.05647	3.05647	2.43255
k39_98571	1172	3.02153	3.02153	1.97602
k39_98582	1084	3.20343	3.20343	2.25869
k39_118145	1931	4.2712	4.2712	3.47752
k39_20266	1165	3.04039	3.04039	1.84156
k39_98584	1375	4.38367	4.38367	3.57816
k39_98585	1402	2.92412	2.92412	1.24204
k39_98593	1139	2.93731	2.93731	0.708618
k39_59380	2674	5.34588	5.34588	4.65685
k39_39796	1453	3.63315	3.63315	2.4475
k39_20292	6661	8.3296	8.3296	7.71632
k39_39798	6760	8.31135	8.31135	8.12876
k39_137728	1183	3.03969	3.03969	1.0304
k39_78970	12213	7.83445	7.83445	7.43344
k39_39827	2690	8.25354	8.25354	6.74074
k39_78983	5972	8.6551	8.6551	7.87035
k39_137796	1222	2.57276	2.57276	2.32338
k39_59460	1260	3.77928	3.77928	2.37777
k39_98685	1060	9.64615	9.64615	7.01656
k39_98697	2871	4.35061	4.35061	4.519
k39_674	20605	8.24283	8.24283	9.37753
k39_39875	1756	8.87671	8.87671	5.35548
k39_20377	11386	7.71671	7.71671	9.00476
k39_98717	3157	7.29797	7.29797	5.02426
k39_98730	1254	3.62047	3.62047	2.52583
k39_59537	1411	3.16812	3.16812	1.75108
k39_137880	2595	5.20654	5.20654	4.1066
k39_79075	1756	7.63387	7.63387	7.28521
k39_98743	5156	4.89493	4.89493	2.64427
k39_118337	4994	6.98121	6.98121	9.16934
k39_20434	1862	4.25876	4.25876	3.35028
k39_98755	1547	4.63135	4.63135	4.95491
k39_39912	17084	7.76414	7.76414	8.97627
k39_79088	3336	3.7489	3.7489	2.42737
k39_766	1029	3.50171	3.50171	1.38468
k39_59579	1440	2.91395	2.91395	2.58136
k39_118348	7793	8.01662	8.01662	6.91824
k39_39934	1053	3.63234	3.63234	1.36801
k39_79134	1120	2.97113	2.97113	1.6999
k39_98811	1003	4.22743	4.22743	4.44821
k39_39956	1768	6.73115	6.73115	3.67969
k39_118384	1182	2.20736	2.20736	1.37306
k39_118387	2616	8.14801	8.14801	5.89409
k39_98829	9137	7.16335	7.16335	6.17113
k39_59629	2126	8.67966	8.67966	5.41881
k39_137981	1576	4.50491	4.50491	3.37013
k39_79175	2091	4.6203	4.6203	2.27588
k39_850	1295	7.84803	7.84803	7.41045
k39_118402	1068	3.65577	3.65577	1.11148
k39_39993	8778	8.82823	8.82823	9.75165
k39_79191	1399	3.20576	3.20576	1.36228
k39_98854	1118	3.63533	3.63533	1.07577
k39_118422	2240	5.2244	5.2244	3.4178
k39_79198	1994	4.70065	4.70065	6.96625
k39_40001	2721	4.42007	4.42007	4.22114
k39_875	1048	3.67929	3.67929	2.63505
k39_79208	1051	2.84906	2.84906	1.53942
k39_878	1587	3.98052	3.98052	1.95644
k39_98862	12032	7.73144	7.73144	9.18943
k39_138049	1001	2.05053	2.05053	0.424503
k39_887	1078	3.2931	3.2931	1.54939
k39_59671	12828	7.23016	7.23016	9.0194
k39_98882	3354	8.91199	8.91199	17.0436
k39_59681	1491	5.21999	5.21999	2.49111
k39_20586	2080	6.93938	6.93938	4.31206
k39_79247	1500	3.99037	3.99037	2.60553
k39_118487	3061	4.54414	4.54414	2.73817
k39_40080	1220	11.5682	11.5682	11.2596
k39_59704	4766	6.10009	6.10009	7.28496
k39_118488	4238	9.01419	9.01419	9.24278
k39_897	20073	8.1953	8.1953	8.95418
k39_59709	1612	3.7736	3.7736	2.25195
k39_911	1115	3.05285	3.05285	2.58952
k39_138089	7060	8.25456	8.25456	7.10156
k39_40095	1091	10.0085	10.0085	7.7467
k39_59724	2960	9.68114	9.68114	9.52467
k39_40109	1110	3.07396	3.07396	1.75991
k39_79307	2401	8.35184	8.35184	12.5757
k39_20652	1672	8.25493	8.25493	4.94219
k39_118525	1290	4.97807	4.97807	3.14
k39_20656	1023	2.91294	2.91294	0.652964
k39_40125	1381	2.1251	2.1251	1.09328
k39_118541	3138	6.3407	6.3407	9.533
k39_926	25728	7.73032	7.73032	9.77161
k39_79328	2331	4.1348	4.1348	4.78281
k39_118551	1116	3.1294	3.1294	1.89515
k39_40140	5074	7.90678	7.90678	13.0631
k39_99006	2646	3.11418	3.11418	2.35368
k39_118564	13780	7.80492	7.80492	6.95485
k39_20702	1352	3.25874	3.25874	1.84391
k39_118570	1327	3.29397	3.29397	1.388
k39_99019	1140	2.82626	2.82626	2.25086
k39_982	1079	3.65662	3.65662	2.58132
k39_99027	1520	3.56934	3.56934	2.18257
k39_118574	1980	2.52022	2.52022	1.10483
k39_59813	2303	4.62053	4.62053	2.90196
k39_99036	1047	4.02453	4.02453	3.24049
k39_99047	1527	4.11983	4.11983	3.10699
k39_59819	5509	8.13006	8.13006	7.71686
k39_79400	1813	4.33253	4.33253	5.53851
k39_40180	2336	6.44007	6.44007	4.23553
k39_79401	4305	8.18965	8.18965	6.40647
k39_20741	4508	7.39743	7.39743	9.27876
k39_118609	1525	4.12945	4.12945	2.04292
k39_138225	7592	8.01707	8.01707	8.42549
k39_118610	1247	4.14768	4.14768	2.22453
k39_1050	1436	4.65241	4.65241	3.71798
k39_1062	1690	4.5026	4.5026	2.3931
k39_59865	1114	4.19087	4.19087	4.25011
k39_20815	2614	9.06412	9.06412	6.31996
k39_99143	1803	7.45251	7.45251	7.35684
k39_59923	4354	7.57945	7.57945	7.19454
k39_40259	4243	8.71977	8.71977	13.2794
k39_138318	1528	3.1865	3.1865	1.84826
k39_118709	1156	3.54374	3.54374	3.70105
k39_59924	1265	2.38924	2.38924	0.839385
k39_99151	12095	7.21046	7.21046	8.03659
k39_118714	7154	9.0504	9.0504	14.1742
k39_99157	3408	8.05157	8.05157	7.76591
k39_20817	24688	8.27154	8.27154	8.16184
k39_138349	1401	5.3725	5.3725	5.34591
k39_59948	1275	3.59644	3.59644	1.45264
k39_59951	1663	4.50826	4.50826	3.82947
k39_1162	1547	3.75519	3.75519	4.25089
k39_40288	1608	6.0192	6.0192	4.91383
k39_59962	1537	3.75415	3.75415	2.29234
k39_1167	1333	2.40913	2.40913	1.09135
k39_79524	6569	7.11731	7.11731	6.00097
k39_20848	2426	7.82777	7.82777	8.37999
k39_20853	1164	1.88856	1.88856	0.592704
k39_138380	2247	6.67763	6.67763	10.874
k39_40299	9465	7.9183	7.9183	7.08168
k39_79531	8007	8.01044	8.01044	6.08229
k39_1188	1124	3.26797	3.26797	0.975387
k39_1206	1894	4.10321	4.10321	1.92968
k39_138391	8441	7.98106	7.98106	6.89834
k39_1210	1805	4.03142	4.03142	3.70398
k39_60010	3446	7.51881	7.51881	6.14966
k39_1219	1188	5.04335	5.04335	4.52946
k39_40337	1178	4.23833	4.23833	3.25473
k39_20894	1625	3.93695	3.93695	2.71312
k39_118763	19890	8.6151	8.6151	9.07796
k39_1228	2354	5.19328	5.19328	4.13058
k39_99237	1029	4.63254	4.63254	3.09831
k39_118771	1814	6.75301	6.75301	8.88963
k39_118782	1116	3.70497	3.70497	1.08074
k39_138446	1365	2.53086	2.53086	0.598515
k39_138447	1303	3.3131	3.3131	2.32637
k39_20909	14281	8.23325	8.23325	8.64003
k39_138451	1730	3.87152	3.87152	1.66112
k39_40367	3884	7.85217	7.85217	5.1488
k39_20911	1057	2.62404	2.62404	0.788958
k39_60047	7802	8.70635	8.70635	9.33537
k39_138457	3410	7.50061	7.50061	8.08251
k39_60051	1997	5.09312	5.09312	3.31205
k39_1270	1869	8.55846	8.55846	5.63438
k39_40401	1547	6.61775	6.61775	3.2936
k39_40408	1040	4.78202	4.78202	4.08744
k39_79650	2216	8.53727	8.53727	14.8026
k39_1310	1839	4.20308	4.20308	5.20691
k39_20985	1277	3.23336	3.23336	2.0796
k39_118861	1345	3.58159	3.58159	4.52332
k39_99337	1689	8.1475	8.1475	10.001
k39_138516	15489	7.66484	7.66484	8.60724
k39_1333	10948	8.24217	8.24217	9.21818
k39_138517	1306	3.2128	3.2128	1.5893
k39_118889	13748	6.73974	6.73974	7.63614
k39_1354	1455	4.09808	4.09808	2.18823
k39_40485	7942	7.28029	7.28029	8.00455
k39_79740	1488	3.36099	3.36099	1.63699
k39_40490	1325	3.12596	3.12596	1.90406
k39_21055	4134	7.7008	7.7008	5.47507
k39_79749	1504	2.86484	2.86484	1.47101
k39_1372	1315	3.60172	3.60172	2.68488
k39_40504	1692	7.70039	7.70039	5.526
k39_99407	1143	3.43001	3.43001	2.29575
k39_118918	3102	6.62771	6.62771	9.86315
k39_99410	4668	7.09717	7.09717	5.40052
k39_40518	1122	3.30247	3.30247	2.7735
k39_79775	1200	9.69333	9.69333	12.7352
k39_79779	1040	4.87303	4.87303	3.5193
k39_60201	3783	5.17231	5.17231	3.64043
k39_40530	1197	2.82713	2.82713	2.17752
k39_118957	1270	2.69018	2.69018	0.75379
k39_40540	1445	5.3305	5.3305	2.85666
k39_21081	20680	8.17569	8.17569	8.68153
k39_99436	2426	3.43761	3.43761	3.70555
k39_60208	8759	7.82611	7.82611	10.2632
k39_60210	1020	3.41609	3.41609	4.03151
k39_40562	1439	6.88363	6.88363	4.23022
k39_60240	1276	3.873	3.873	2.92697
k39_60244	1044	3.79083	3.79083	1.74007
k39_1444	2322	7.33333	7.33333	5.79118
k39_21129	1224	3.16853	3.16853	1.98369
k39_99479	1830	5.43631	5.43631	4.87621
k39_1452	2388	5.45979	5.45979	7.47509
k39_60259	2148	4.5966	4.5966	4.70248
k39_138670	1015	4.18266	4.18266	4.30688
k39_119015	2870	8.40037	8.40037	9.41031
k39_40605	1037	3.34837	3.34837	2.51396
k39_1462	4330	5.12034	5.12034	4.15227
k39_21155	1491	7.16853	7.16853	4.91783
k39_79885	1180	3.22816	3.22816	2.35896
k39_21169	2022	7.99412	7.99412	5.27146
k39_1487	1169	4.20118	4.20118	3.07051
k39_40643	1425	4.3898	4.3898	2.32751
k39_60312	7507	7.81378	7.81378	7.18108
k39_21174	9865	7.20546	7.20546	6.94584
k39_138733	3467	7.88604	7.88604	8.21985
k39_40662	1743	3.20339	3.20339	1.64705
k39_99562	1678	6.34359	6.34359	13.5446
k39_60336	5183	7.53924	7.53924	8.88093
k39_138742	1825	3.60478	3.60478	1.51635
k39_99569	2650	5.236	5.236	3.82661
k39_21196	4775	8.0973	8.0973	13.3227
k39_79941	2146	5.0987	5.0987	5.56868
k39_138748	1068	4.0098	4.0098	3.29653
k39_138755	1081	4.34909	4.34909	1.08554
k39_79944	1813	3.7721	3.7721	4.24828
k39_21205	3375	6.03659	6.03659	5.9577
k39_99595	1318	2.68322	2.68322	1.62536
k39_40720	1141	2.07972	2.07972	0.465356
k39_119122	1112	3.79418	3.79418	1.90763
k39_21223	3071	6.65628	6.65628	4.18045
k39_1556	2150	3.8765	3.8765	2.55152
k39_99615	1373	3.36549	3.36549	1.80657
k39_1575	1343	4.33445	4.33445	3.76472
k39_21243	7431	6.91086	6.91086	7.42155
k39_1581	2497	4.45846	4.45846	4.01046
k39_60420	4360	9.27245	9.27245	10.3014
k39_119177	1516	3.73426	3.73426	1.1872
k39_99646	1611	4.47639	4.47639	2.61126
k39_138816	3537	6.22763	6.22763	8.65896
k39_21269	1028	3.36902	3.36902	2.08945
k39_80017	1060	4.30659	4.30659	3.15231
k39_1617	1110	3.76667	3.76667	1.84331
k39_119207	1128	4.06442	4.06442	1.6632
k39_99673	3174	7.88525	7.88525	6.92454
k39_40795	1891	3.81103	3.81103	2.24988
k39_1627	2345	5.7426	5.7426	6.20309
k39_99692	1843	6.71235	6.71235	6.94736
k39_40807	1684	5.48892	5.48892	5.50641
k39_138868	1144	3.66298	3.66298	1.95982
k39_40818	5750	7.79018	7.79018	12.8895
k39_138872	1068	3.68845	3.68845	1.2158
k39_40829	1417	3.24467	3.24467	2.44563
k39_119269	1051	2.98113	2.98113	0.767425
k39_138886	1219	3.50047	3.50047	2.18469
k39_60540	1264	2.95242	2.95242	2.5
k39_21334	6816	7.10111	7.10111	6.6301
k39_138898	1877	7.94731	7.94731	8.20063
k39_40862	2122	10.966	10.966	10.7461
k39_138906	1554	4.89387	4.89387	3.88679
k39_40865	1280	3.15133	3.15133	2.30567
k39_80099	9551	7.64514	7.64514	13.4306
k39_40867	2267	9.51157	9.51157	7.94659
k39_80101	1553	7.01426	7.01426	8.79724
k39_21362	1107	2.96447	2.96447	1.1159
k39_60553	10115	8.93246	8.93246	9.50423
k39_60566	1235	4.21659	4.21659	3.0776
k39_80116	11511	7.77713	7.77713	8.75175
k39_80118	1030	2.38295	2.38295	0.555117
k39_60587	1863	5.63573	5.63573	4.4876
k39_119331	13460	7.78851	7.78851	8.1911
k39_138977	1901	9.01199	9.01199	7.27585
k39_40919	1045	2.89162	2.89162	1.23768
k39_40921	2354	6.9333	6.9333	6.36821
k39_40922	4152	7.52124	7.52124	10.6115
k39_21411	5868	8.77457	8.77457	12.13
k39_99853	2877	7.88376	7.88376	11.9386
k39_80155	6317	7.51419	7.51419	6.22126
k39_21423	1146	3.35341	3.35341	1.10713
k39_40949	1518	2.34503	2.34503	1.09958
k39_119385	2069	3.77749	3.77749	1.58394
k39_40956	1348	3.04174	3.04174	1.15281
k39_60655	2132	3.63824	3.63824	2.05031
k39_21453	2838	3.65923	3.65923	3.19085
k39_139052	2021	6.77552	6.77552	7.43622
k39_40970	1333	3.76162	3.76162	1.80438
k39_1810	12475	8.10012	8.10012	7.85785
k39_139061	1500	3.56667	3.56667	1.99071
k39_1812	3056	8.6872	8.6872	10.0168
k39_99911	6226	7.44273	7.44273	7.13547
k39_40992	1961	7.26836	7.26836	3.23842
k39_80238	1272	9.36007	9.36007	6.62672
k39_80239	3378	6.77416	6.77416	7.54022
k39_119437	1678	4.94175	4.94175	6.92324
k39_99936	5205	7.09199	7.09199	8.50372
k39_1834	4694	6.22425	6.22425	6.21449
k39_41029	4015	8.1912	8.1912	8.12576
k39_99958	1061	5.28321	5.28321	2.66038
k39_21537	1849	7.41318	7.41318	9.11541
k39_60737	1228	2.61874	2.61874	1.06621
k39_139129	2184	4.41937	4.41937	2.5161
k39_119485	1163	2.93978	2.93978	1.08432
k39_60762	1045	4.7933	4.7933	2.15745
k39_60772	1015	4.78035	4.78035	2.56512
k39_119506	1072	3.08351	3.08351	1.89638
k39_41083	7291	8.03389	8.03389	9.29362
k39_80298	13360	5.4184	5.4184	6.12542
k39_80309	1122	6.40226	6.40226	3.27879
k39_60793	2616	4.50446	4.50446	2.41884
k39_41111	1315	4.54678	4.54678	3.58482
k39_41114	1275	4.84267	4.84267	2.02238
k39_41115	1195	3.02966	3.02966	1.02306
k39_21606	1341	4.15785	4.15785	3.39522
k39_1916	12704	7.48964	7.48964	8.12971
k39_139202	1228	4.5872	4.5872	5.32524
k39_139205	1002	3.75704	3.75704	1.62246
k39_80339	7959	8.38776	8.38776	9.05468
k39_41133	4029	4.01366	4.01366	2.59565
k39_80345	1059	2.92849	2.92849	1.82196
k39_41137	1717	3.31525	3.31525	2.09853
k39_21646	1158	2.4752	2.4752	0.68657
k39_100100	3915	8.62364	8.62364	11.6072
k39_139219	1777	5.67978	5.67978	3.41956
k39_60817	14368	8.56696	8.56696	8.23009
k39_119574	9679	7.46374	7.46374	7.41684
k39_21653	6009	6.83444	6.83444	7.34205
k39_1955	3884	6.75817	6.75817	9.56838
k39_80384	1001	5.62397	5.62397	6.44668
k39_119588	2670	7.8746	7.8746	6.82666
k39_41182	1715	4.13099	4.13099	2.94258
k39_60837	1696	3.6022	3.6022	2.63971
k39_60840	2359	6.15482	6.15482	3.77856
k39_119607	1982	3.89028	3.89028	2.02019
k39_60848	1347	3.48789	3.48789	1.67312
k39_21656	21903	8.14991	8.14991	8.73965
k39_60850	3547	7.90874	7.90874	5.83389
k39_1974	7365	8.85295	8.85295	8.58456
k39_80407	5533	8.79974	8.79974	7.72139
k39_139291	1140	6.77374	6.77374	10.2602
k39_2000	1129	3.75179	3.75179	3.30949
k39_21690	1355	4.3751	4.3751	2.53028
k39_60870	9856	8.194	8.194	8.4837
k39_80434	3632	4.67002	4.67002	3.55412
k39_41236	2354	4.27132	4.27132	3.20007
k39_2017	11332	7.57932	7.57932	9.95184
k39_21713	6643	7.63869	7.63869	9.42748
k39_2024	1060	5.50769	5.50769	5.8366
k39_139347	2053	3.82712	3.82712	2.50794
k39_21721	1049	3.43604	3.43604	1.02792
k39_100219	7925	8.54225	8.54225	8.0857
k39_41269	2432	5.40403	5.40403	5.88758
k39_21741	1051	5.03441	5.03441	1.69992
k39_100237	2484	4.05613	4.05613	3.70917
k39_80480	2070	7.79063	7.79063	8.07911
k39_100247	1496	6.70728	6.70728	6.14913
k39_2051	3326	9.75598	9.75598	14.5446
k39_80502	10367	8.10952	8.10952	7.63012
k39_139402	1542	3.68391	3.68391	3.88995
k39_100278	2581	4.24969	4.24969	1.93226
k39_41272	25044	8.89238	8.89238	9.45631
k39_80503	5838	8.34089	8.34089	6.12824
k39_2112	1617	2.96455	2.96455	1.28797
k39_119745	18652	8.15869	8.15869	9.7368
k39_100321	1029	3.65301	3.65301	2.85097
k39_139434	1422	4.82469	4.82469	4.41535
k39_61042	1591	5.62665	5.62665	4.41046
k39_21881	2067	5.66197	5.66197	7.41592
k39_61048	2956	7.88774	7.88774	7.4986
k39_80585	2247	5.49165	5.49165	5.21376
k39_80589	3520	6.42374	6.42374	5.21544
k39_100380	3224	5.72349	5.72349	3.30654
k39_2187	1613	3.22898	3.22898	1.82511
k39_119819	1766	4.0526	4.0526	1.86534
k39_2190	1166	4.17717	4.17717	3.67302
k39_100385	4273	9.06185	9.06185	10.4176
k39_119820	1153	3.91027	3.91027	1.55881
k39_41391	1106	3.26255	3.26255	1.6179
k39_100408	1095	3.10899	3.10899	1.65653
k39_2213	9244	7.92226	7.92226	9.10892
k39_119855	1331	4.96698	4.96698	2.85397
k39_139567	1003	2.98124	2.98124	1.12875
k39_41453	1605	2.69072	2.69072	0.949677
k39_61126	1062	2.44846	2.44846	0.789874
k39_80665	5310	3.85388	3.85388	2.89356
k39_80668	1418	5.88486	5.88486	5.73576
k39_119891	2432	3.91323	3.91323	3.31994
k39_41482	1964	4.11081	4.11081	2.7671
k39_2254	15728	7.25607	7.25607	9.9488
k39_139615	1044	3.2349	3.2349	1.50579
k39_41489	1610	6.70685	6.70685	3.58228
k39_139621	1250	10.2055	10.2055	7.83764
k39_41493	1489	3.39806	3.39806	1.87805
k39_80694	1028	4.45444	4.45444	2.50363
k39_41497	1114	3.53112	3.53112	3.09456
k39_41498	1356	10.7844	10.7844	14.4547
k39_41507	1102	2.81303	2.81303	0.600128
k39_22062	1017	3.3887	3.3887	2.32564
k39_41523	1008	5.67016	5.67016	4.40804
k39_119947	3066	6.75412	6.75412	8.11624
k39_100527	1419	3.97163	3.97163	2.62379
k39_139665	1949	4.81823	4.81823	5.60486
k39_2327	1376	5.01305	5.01305	2.87983
k39_2334	1104	3.04927	3.04927	1.84543
k39_61226	18565	9.04708	9.04708	9.46483
k39_22154	1462	6.19512	6.19512	5.80022
k39_139716	2726	4.40839	4.40839	3.74542
k39_120038	1529	3.2364	3.2364	1.10663
k39_80808	1897	4.74013	4.74013	3.87289
k39_100595	1222	3.57183	3.57183	1.894
k39_120048	1034	3.00452	3.00452	0.810849
k39_2403	1218	2.84738	2.84738	1.36844
k39_80846	1554	6.37892	6.37892	2.28539
k39_139768	1110	2.64375	2.64375	0.807266
k39_61302	4150	6.47025	6.47025	4.87879
k39_120106	1843	6.15889	6.15889	5.95883
k39_61326	1480	7.95789	7.95789	7.27587
k39_80860	8191	7.04912	7.04912	7.25834
k39_2456	7031	5.44354	5.44354	5.6163
k39_22230	1777	4.29564	4.29564	1.84428
k39_139806	1165	3.2069	3.2069	3.23917
k39_22235	1478	4.30873	4.30873	4.13972
k39_22236	1210	3.37547	3.37547	2.76161
k39_61364	1088	2.5629	2.5629	1.48216
k39_41680	1483	8.28732	8.28732	8.63287
k39_100699	3734	4.50307	4.50307	2.26455
k39_80910	1583	4.5492	4.5492	3.79104
k39_41702	1568	8.37518	8.37518	6.72149
k39_120152	2839	8.58126	8.58126	14.7576
k39_2511	1023	2.43414	2.43414	0.750528
k39_61393	1113	3.56386	3.56386	3.55388
k39_41708	5341	5.33019	5.33019	5.40232
k39_139861	1535	2.41227	2.41227	1.23958
k39_100741	1709	3.57152	3.57152	2.56853
k39_2519	12120	9.52314	9.52314	11.4341
k39_41748	1172	3.04892	3.04892	1.31984
k39_100759	2357	8.79293	8.79293	5.84791
k39_80958	3534	10.023	10.023	15.7636
k39_41780	1000	1.90118	1.90118	0.527328
k39_2543	3647	7.666	7.666	8.55187
k39_61447	2698	6.11381	6.11381	5.05572
k39_139922	1721	3.28326	3.28326	1.84137
k39_120228	6571	6.981	6.981	6.49716
k39_22363	1516	2.66911	2.66911	1.06552
k39_2573	1780	4.18773	4.18773	4.60435
k39_120253	1191	3.40346	3.40346	1.62936
k39_120259	1041	2.32772	2.32772	0.919448
k39_100813	1032	2.38549	2.38549	1.02717
k39_100817	1670	4.40395	4.40395	1.77877
k39_100819	1963	6.48704	6.48704	8.36036
k39_22407	1767	4.42115	4.42115	4.02853
k39_100837	1098	2.54747	2.54747	0.896374
k39_120281	3611	5.04305	5.04305	4.27359
k39_2633	2836	8.33879	8.33879	7.99546
k39_22446	1307	2.08211	2.08211	1.54256
k39_22452	1121	3.48404	3.48404	3.08093
k39_61570	2414	6.02783	6.02783	10.332
k39_120298	18957	7.82592	7.82592	7.56446
k39_41911	3426	8.35806	8.35806	7.0403
k39_100905	2124	3.49899	3.49899	2.26737
k39_22471	10160	8.89211	8.89211	10.8368
k39_22476	1433	4.18394	4.18394	2.01138
k39_81102	2444	4.43243	4.43243	1.96468
k39_22484	1079	3.07643	3.07643	1.85946
k39_2710	1632	3.94332	3.94332	1.18247
k39_22488	1310	5.38448	5.38448	4.04876
k39_22490	1864	7.95449	7.95449	9.01135
k39_2720	1048	4.37639	4.37639	5.75783
k39_2721	1072	4.10521	4.10521	2.48728
k39_81121	1010	2.65698	2.65698	0.907815
k39_140107	6365	7.0008	7.0008	6.87264
k39_22511	7033	8.57693	8.57693	8.56433
k39_140112	1276	6.75133	6.75133	7.56837
k39_100967	1181	3.61397	3.61397	2.11685
k39_140131	2194	3.71135	3.71135	2.01455
k39_100981	6040	7.94329	7.94329	7.596
k39_140134	6456	8.92912	8.92912	15.6196
k39_120422	1306	3.38408	3.38408	2.54673
k39_42039	1567	4.04093	4.04093	2.19607
k39_81185	1540	3.30144	3.30144	3.40438
k39_140167	1537	5.19899	5.19899	3.52023
k39_101018	4214	4.40477	4.40477	4.36172
k39_120440	6224	7.69855	7.69855	7.52007
k39_120466	1638	3.26344	3.26344	1.77586
k39_2820	1405	2.31076	2.31076	1.43605
k39_120478	2247	2.72532	2.72532	1.10104
k39_22630	1620	2.21837	2.21837	0.837922
k39_2825	1513	4.40866	4.40866	3.50026
k39_101067	2465	7.41728	7.41728	9.50338
k39_101069	2018	7.50482	7.50482	5.88909
k39_81262	1202	3.1711	3.1711	1.94786
k39_22662	3673	9.23219	9.23219	8.72181
k39_140250	1569	3.80902	3.80902	2.23076
k39_81273	2575	7.26515	7.26515	8.63303
k39_2862	1471	4.03861	4.03861	1.76745
k39_81274	1199	3.99809	3.99809	1.49237
k39_81279	1311	8.47028	8.47028	6.56486
k39_61773	2412	2.90097	2.90097	1.06758
k39_2881	1582	3.72207	3.72207	2.53069
k39_140279	1858	4.62822	4.62822	3.137
k39_120532	6941	8.6245	8.6245	8.02696
k39_22704	6674	7.40374	7.40374	6.4357
k39_101131	3686	6.4129	6.4129	5.24051
k39_2890	11653	7.53751	7.53751	8.55968
k39_2908	1147	2.82949	2.82949	0.741978
k39_120562	1226	2.24164	2.24164	1.24016
k39_42206	1241	3.87443	3.87443	3.91357
k39_120570	2023	3.2803	3.2803	1.35996
k39_81356	1001	2.84959	2.84959	1.31382
k39_101181	2888	3.48941	3.48941	3.95552
k39_22745	2943	7.14572	7.14572	4.444
k39_101196	1515	6.11282	6.11282	3.88901
k39_42254	1688	4.77178	4.77178	2.31678
k39_61897	1211	3.01131	3.01131	1.12628
k39_140405	1268	2.70751	2.70751	1.25637
k39_101217	9165	9.56217	9.56217	8.95605
k39_61918	1984	2.41767	2.41767	1.51669
k39_42295	1582	2.5405	2.5405	0.916597
k39_3018	1115	3.50155	3.50155	2.31664
k39_61928	2769	4.41275	4.41275	3.74283
k39_3021	2316	8.37442	8.37442	9.23483
k39_42312	1094	3.86229	3.86229	1.72863
k39_120692	1250	4.25818	4.25818	2.29542
k39_101250	1335	3.84979	3.84979	2.57877
k39_22868	3190	4.08882	4.08882	2.41329
k39_61966	1802	4.80024	4.80024	3.79048
k39_120729	3504	7.47496	7.47496	6.04663
k39_3075	1054	2.55973	2.55973	1.46931
k39_140494	1355	3.44564	3.44564	1.78379
k39_61989	7863	7.41527	7.41527	8.22474
k39_22897	5466	9.04195	9.04195	9.17677
k39_3082	3224	5.23943	5.23943	4.51799
k39_42374	1051	6.28968	6.28968	2.70825
k39_3085	2022	3.20833	3.20833	2.29863
k39_140521	1072	3.87093	3.87093	0.963781
k39_42397	2942	4.46741	4.46741	4.24184
k39_101315	14774	8.18039	8.18039	10.4516
k39_62029	7182	8.26778	8.26778	8.19668
k39_81541	1679	4.41857	4.41857	2.25534
k39_22930	3793	4.52869	4.52869	4.4568
k39_62057	1033	2.33409	2.33409	0.630886
k39_42431	8252	8.13997	8.13997	77.3133
k39_120789	1266	4.53584	4.53584	2.73862
k39_42436	1242	7.4478	7.4478	9.93033
k39_120790	1388	3.86026	3.86026	1.72903
k39_22949	2011	4.00269	4.00269	2.56827
k39_62070	1746	6.93421	6.93421	5.22511
k39_62074	1285	4.25815	4.25815	4.4862
k39_101348	7684	7.9201	7.9201	10.0093
k39_3152	1198	2.76145	2.76145	0.787357
k39_22960	1040	2.17865	2.17865	0.637343
k39_42451	1976	8.85542	8.85542	5.47608
k39_140571	3232	5.65866	5.65866	6.25089
k39_62096	2065	5.06997	5.06997	4.31275
k39_3197	1195	2.99043	2.99043	0.752789
k39_81610	2286	7.50375	7.50375	7.96354
k39_140592	1573	7.05833	7.05833	5.04796
k39_3227	1845	3.92684	3.92684	2.06313
k39_120865	1042	3.84305	3.84305	1.4254
k39_140638	1169	4.41119	4.41119	2.99088
k39_42514	3375	7.36	7.36	4.48852
k39_120881	8493	8.21935	8.21935	21.0358
k39_81680	5029	8.8969	8.8969	10.2956
k39_42537	2056	2.76495	2.76495	1.20878
k39_3296	1914	3.89626	3.89626	2.02268
k39_3314	1266	2.8414	2.8414	2.13716
k39_120910	7415	4.67006	4.67006	3.869
k39_62187	3577	6.12256	6.12256	6.37018
k39_62189	1017	2.8293	2.8293	2.38191
k39_101500	14759	8.02238	8.02238	11.1595
k39_42566	2477	5.23292	5.23292	4.58556
k39_81718	6215	7.96785	7.96785	7.77395
k39_23122	1075	2.28432	2.28432	0.779455
k39_120933	1103	2.69045	2.69045	0.774876
k39_23126	5444	7.1666	7.1666	5.30981
k39_42594	1076	2.53024	2.53024	0.984486
k39_62229	1023	3.16266	3.16266	1.86572
k39_140739	1393	3.74336	3.74336	2.26018
k39_101546	1549	4.30236	4.30236	2.08663
k39_62238	1001	2.38778	2.38778	0.670626
k39_42608	8142	7.65566	7.65566	12.3598
k39_62240	1411	4.0904	4.0904	1.87118
k39_23150	1466	2.69529	2.69529	1.26298
k39_62250	3943	7.01529	7.01529	12.4048
k39_140759	1887	5.62637	5.62637	6.05794
k39_101572	2603	7.14757	7.14757	5.52392
k39_42619	1291	3.27695	3.27695	2.58464
k39_81780	1348	3.23122	3.23122	2.32159
k39_42672	1097	4.01795	4.01795	2.73435
k39_101611	1162	3.6087	3.6087	2.47778
k39_62302	1846	3.41804	3.41804	1.40448
k39_3435	1268	3.78891	3.78891	1.49345
k39_81791	8627	7.14073	7.14073	6.50347
k39_121040	1252	2.68693	2.68693	1.71753
k39_140791	15713	8.75448	8.75448	9.61555
k39_121049	1027	3.17218	3.17218	2.02855
k39_101629	2213	7.06738	7.06738	6.35769
k39_23213	1403	3.67598	3.67598	2.02592
k39_42724	1090	4.53298	4.53298	3.08837
k39_101644	1438	4.32065	4.32065	2.54745
k39_121092	1178	4.63327	4.63327	2.1312
k39_42737	3373	6.9758	6.9758	10.4092
k39_140840	1209	3.55713	3.55713	2.75733
k39_3518	1127	5.95394	5.95394	4.9661
k39_42787	1121	3.01854	3.01854	2.84708
k39_3532	1040	2.91685	2.91685	0.827726
k39_121139	2475	6.28	6.28	5.81873
k39_81959	2142	4.45382	4.45382	2.62269
k39_101751	1354	2.88953	2.88953	3.10583
k39_81966	1160	2.37921	2.37921	0.50918
k39_42821	19975	8.49422	8.49422	8.917
k39_3581	4228	8.38082	8.38082	7.33305
k39_121197	1367	3.68447	3.68447	2.66681
k39_62469	1675	6.07475	6.07475	4.42882
k39_3590	1054	5.9823	5.9823	3.08717
k39_121212	1542	7.22342	7.22342	12.4742
k39_81995	1663	4.18308	4.18308	3.16025
k39_62484	2109	3.87034	3.87034	1.76665
k39_23377	2271	7.76002	7.76002	11.839
k39_101784	1268	3.73524	3.73524	2.63887
k39_3614	2759	3.55385	3.55385	2.53858
k39_23380	1101	3.52997	3.52997	1.71254
k39_140971	11331	7.99016	7.99016	8.17462
k39_101804	1190	4.51731	4.51731	3.80337
k39_42887	1039	3.63442	3.63442	1.45742
k39_121248	1167	4.89479	4.89479	5.33638
k39_81998	23270	8.72396	8.72396	10.6986
k39_3632	1205	5.04834	5.04834	2.32499
k39_23405	1385	2.51174	2.51174	1.54667
k39_23406	2532	3.9471	3.9471	2.59776
k39_42904	5559	10.0458	10.0458	11.9842
k39_121269	1466	3.46277	3.46277	1.71799
k39_42918	1184	3.34816	3.34816	2.34528
k39_3684	2201	4.47928	4.47928	5.55212
k39_141021	1364	3.41763	3.41763	2.52701
k39_101849	1390	5.52177	5.52177	4.86475
k39_82043	1063	8.19606	8.19606	8.2784
k39_42945	1514	4.6283	4.6283	3.6864
k39_62604	1886	4.28168	4.28168	2.98745
k39_82083	1353	4.25436	4.25436	2.3113
k39_101891	1420	5.73228	5.73228	3.84475
k39_62632	1429	3.51837	3.51837	2.65675
k39_101903	1532	3.68379	3.68379	3.03173
k39_23504	1697	3.49451	3.49451	1.4985
k39_121370	2237	8.53713	8.53713	7.49984
k39_121377	2058	3.92558	3.92558	4.53775
k39_82134	2509	3.51293	3.51293	2.69952
k39_43019	1101	2.92639	2.92639	2.10613
k39_121380	1018	2.37788	2.37788	0.659812
k39_3783	1647	2.92986	2.92986	0.732372
k39_82148	1584	3.47071	3.47071	2.7141
k39_121389	2290	6.8472	6.8472	9.13367
k39_23543	2414	4.0932	4.0932	3.12566
k39_43023	9164	7.9483	7.9483	7.66048
k39_121393	4874	7.67993	7.67993	9.71581
k39_121403	1044	4.99664	4.99664	2.84097
k39_3828	1224	3.38268	3.38268	1.51139
k39_43038	8325	8.30043	8.30043	6.55657
k39_101978	1069	2.97388	2.97388	2.45032
k39_23568	11091	9.42583	9.42583	10.6562
k39_101993	1119	3.0805	3.0805	1.72285
k39_62732	1317	2.81063	2.81063	1.73511
k39_82204	8399	6.22657	6.22657	7.43015
k39_141194	1633	3.65206	3.65206	2.90182
k39_62743	3726	5.03468	5.03468	3.78215
k39_43078	1507	4.42668	4.42668	4.85692
k39_121454	1258	4.94043	4.94043	3.25392
k39_3878	2366	3.72969	3.72969	2.75261
k39_102015	3206	4.05465	4.05465	2.67098
k39_82207	10957	7.54178	7.54178	7.36819
k39_62773	4204	6.04045	6.04045	7.03464
k39_23641	2517	6.40473	6.40473	5.83441
k39_82236	1779	5.12953	5.12953	4.54279
k39_62782	4021	6.81245	6.81245	9.67695
k39_141262	3046	3.8422	3.8422	2.50531
k39_102056	1564	4.53112	4.53112	11.4651
k39_82253	1130	3.4102	3.4102	1.55168
k39_62812	1497	8.01485	8.01485	17.7219
k39_23682	1121	3.6447	3.6447	1.9757
k39_43152	1054	3.01217	3.01217	1.96774
k39_43163	1420	6.38819	6.38819	3.9225
k39_102096	1625	4.83661	4.83661	2.89391
k39_82286	1020	4.75632	4.75632	4.6356
k39_121562	1364	3.0626	3.0626	1.34315
k39_62839	1247	5.37739	5.37739	6.44866
k39_43184	5653	8.46084	8.46084	7.87674
k39_141332	1629	6.8668	6.8668	7.7556
k39_23725	1524	2.90466	2.90466	1.24291
k39_43196	1653	5.81304	5.81304	4.60082
k39_23741	8376	7.15354	7.15354	9.17864
k39_43216	2178	6.84369	6.84369	10.1745
k39_82333	2104	3.32856	3.32856	2.19717
k39_4003	1025	2.92343	2.92343	1.32707
k39_23745	2009	7.74126	7.74126	10.4223
k39_82353	1315	2.87382	2.87382	0.912763
k39_43239	1304	7.19844	7.19844	17.3769
k39_62921	1802	4.2046	4.2046	2.78068
k39_62933	1070	3.56196	3.56196	3.48473
k39_4022	1838	3.42002	3.42002	1.61187
k39_43254	5367	7.46483	7.46483	5.43423
k39_62942	3236	5.56416	5.56416	6.4943
k39_141410	17546	8.13423	8.13423	9.65928
k39_121654	3079	7.1451	7.1451	6.32145
k39_141430	2477	7.31242	7.31242	4.35421
k39_43291	2963	8.48418	8.48418	13.6317
k39_121674	1190	2.66731	2.66731	0.805475
k39_82423	1394	3.52733	3.52733	2.69996
k39_102242	9751	8.40673	8.40673	8.26155
k39_63013	1735	3.49464	3.49464	1.79683
k39_43318	1190	2.46923	2.46923	1.13861
k39_102249	16100	7.24677	7.24677	8.7564
k39_141446	18192	7.91099	7.91099	6.96017
k39_23860	1164	2.20809	2.20809	0.784891
k39_63025	1343	3.5834	3.5834	1.68284
k39_4133	1860	4.2076	4.2076	3.07393
k39_23877	8490	8.8729	8.8729	9.43966
k39_82476	4655	8.81199	8.81199	7.53207
k39_82481	2888	4.39956	4.39956	3.82346
k39_102297	1456	3.2343	3.2343	1.91747
k39_141477	7416	5.73988	5.73988	5.72895
k39_4165	3175	4.62215	4.62215	3.10486
k39_23899	1352	3.00083	3.00083	1.00833
k39_4168	1865	3.16501	3.16501	2.82288
k39_63101	2357	4.3942	4.3942	2.81735
k39_4174	1411	3.90642	3.90642	2.78489
k39_82503	7040	7.56009	7.56009	10.0961
k39_43394	5843	8.0462	8.0462	9.30311
k39_82504	1524	4.09461	4.09461	3.10249
k39_23925	1331	4.99915	4.99915	4.48898
k39_63105	1113	2.19626	2.19626	0.71092
k39_43421	1029	2.19226	2.19226	0.772793
k39_82527	1566	5.91384	5.91384	3.58548
k39_4185	8315	7.94709	7.94709	9.40526
k39_23958	2544	4.00209	4.00209	1.83409
k39_102357	2219	6.9101	6.9101	10.3333
k39_23961	2139	2.96782	2.96782	1.24442
k39_43442	1254	2.99185	2.99185	2.13319
k39_63138	1295	3.18865	3.18865	1.33502
k39_23975	1881	4.03871	4.03871	2.23374
k39_121844	3102	3.39024	3.39024	2.23055
k39_4201	4537	7.21313	7.21313	7.28917
k39_121853	2235	4.35156	4.35156	2.4718
k39_23996	1869	3.08435	3.08435	2.60695
k39_43475	2055	7.7874	7.7874	13.2116
k39_102413	5124	7.17612	7.17612	8.35548
k39_121873	2696	8.04438	8.04438	6.95481
k39_82586	2801	8.52018	8.52018	9.80599
k39_82592	1671	3.62919	3.62919	2.00584
k39_63215	1163	2.59921	2.59921	1.62182
k39_23999	16995	8.13482	8.13482	9.9679
k39_102441	2115	4.58524	4.58524	3.53919
k39_63224	1731	3.9203	3.9203	3.76327
k39_82618	5217	7.5595	7.5595	7.92943
k39_82619	1620	3.53197	3.53197	1.13681
k39_24038	1308	4.43264	4.43264	4.85587
k39_141637	9083	8.10075	8.10075	13.3081
k39_102481	1226	3.01859	3.01859	1.13826
k39_102485	1150	4.332	4.332	3.66945
k39_63255	8757	8.78273	8.78273	10.6207
k39_24049	4161	7.33109	7.33109	7.14709
k39_121958	1704	3.16924	3.16924	1.53283
k39_82649	1689	4.96296	4.96296	2.55193
k39_24059	2200	6.38098	6.38098	5.41795
k39_121983	1094	2.79025	2.79025	1.07792
k39_102506	1054	6.31195	6.31195	3.63017
k39_4316	13319	8.80879	8.80879	10.6557
k39_102519	2025	4.38827	4.38827	3.20347
k39_4318	1435	4.52529	4.52529	2.53616
k39_141688	1096	5.32981	5.32981	4.86255
k39_4321	6531	4.85488	4.85488	4.02724
k39_63297	2428	7.19798	7.19798	11.9437
k39_82683	1284	3.66402	3.66402	2.06265
k39_4342	1028	3.54214	3.54214	3.07633
k39_63315	5660	7.7461	7.7461	6.63436
k39_102563	1666	4.8252	4.8252	4.14438
k39_24149	1160	3.89109	3.89109	2.6779
k39_4384	1184	4.17021	4.17021	1.27207
k39_4396	1917	4.32145	4.32145	2.98947
k39_43669	3231	7.70334	7.70334	10.3678
k39_63363	1431	2.758	2.758	0.827338
k39_102600	1151	6.20779	6.20779	9.27081
k39_4417	1704	2.92407	2.92407	1.28591
k39_122124	1936	5.28108	5.28108	2.72096
k39_82788	1097	3.28722	3.28722	0.957583
k39_141821	1161	8	8	3.42376
k39_63394	1325	2.91064	2.91064	1.2552
k39_82792	8675	9.44094	9.44094	12.6526
k39_43714	1029	2.25142	2.25142	1.24081
k39_122129	12449	8.15205	8.15205	9.22674
k39_122138	1074	2.28896	2.28896	0.769062
k39_102676	1063	3.22344	3.22344	1.09257
k39_82829	1425	2.90039	2.90039	0.939057
k39_43750	1703	6.5982	6.5982	2.99051
k39_4496	5015	9.39445	9.39445	7.53309
k39_63467	3590	8.77849	8.77849	11.5787
k39_122177	1011	4.54007	4.54007	4.13473
k39_4503	1627	3.52945	3.52945	3.42678
k39_102713	1476	5.28884	5.28884	7.13236
k39_24305	9958	7.90926	7.90926	8.35301
k39_102729	1112	3.19023	3.19023	1.65055
k39_82881	1287	3.62445	3.62445	1.40195
k39_43812	2343	8.60967	8.60967	9.18154
k39_122227	2609	8.61976	8.61976	8.15683
k39_102764	1145	3.14171	3.14171	1.85214
k39_141955	1757	3.98755	3.98755	1.1829
k39_141960	1791	5.9025	5.9025	2.27097
k39_24362	7391	7.01284	7.01284	9.3056
k39_24387	1808	4.08022	4.08022	4.80042
k39_141985	2432	5.65688	5.65688	4.88753
k39_63549	1122	2.78292	2.78292	0.971361
k39_82967	4129	8.07565	8.07565	4.68838
k39_4613	16828	8.69882	8.69882	8.263
k39_122303	1477	5.12434	5.12434	5.19946
k39_82981	6708	8.52745	8.52745	11.3959
k39_142016	2664	3.95306	3.95306	2.0201
k39_4633	1128	4.03783	4.03783	2.86961
k39_83029	1546	8.41046	8.41046	5.0221
k39_83031	1692	8.98119	8.98119	7.12814
k39_102861	1270	2.31339	2.31339	1.27167
k39_122362	1320	4.2265	4.2265	4.9247
k39_102877	1076	3.14795	3.14795	2.5781
k39_43955	4782	7.39162	7.39162	7.3468
k39_142074	1069	3.10229	3.10229	1.42962
k39_142079	1546	4.22708	4.22708	2.95127
k39_83045	17243	7.01954	7.01954	8.10877
k39_102895	1071	2.91857	2.91857	1.18358
k39_24479	1365	3.51687	3.51687	0.920424
k39_63637	4726	7.48274	7.48274	7.73215
k39_102914	1115	3.35751	3.35751	0.794245
k39_122401	1547	7.05512	7.05512	4.15814
k39_142123	1401	2.86811	2.86811	0.701788
k39_24518	1223	2.03728	2.03728	0.76913
k39_83066	3008	4.22603	4.22603	3.74373
k39_63670	2270	6.18113	6.18113	4.90073
k39_24525	1000	3.12471	3.12471	1.04921
k39_63681	1018	2.96313	2.96313	1.21893
k39_63706	1195	3.89282	3.89282	2.38121
k39_24554	1270	3.54196	3.54196	1.89814
k39_44055	2130	8.12273	8.12273	8.47449
k39_4763	5390	9.48607	9.48607	9.61585
k39_122477	1859	4.38561	4.38561	2.26983
k39_142197	1916	5.7684	5.7684	5.09816
k39_24578	3771	7.87766	7.87766	8.47373
k39_122493	1663	4.27892	4.27892	4.10335
k39_4794	1422	4.75708	4.75708	4.63886
k39_24610	1119	2.58514	2.58514	1.50747
k39_103048	3318	4.63636	4.63636	4.07606
k39_103049	1843	5.00413	5.00413	4.14359
k39_24618	1475	5.04453	5.04453	4.61508
k39_63802	2731	4.41108	4.41108	5.80578
k39_24633	1275	3.03822	3.03822	0.825051
k39_142250	4118	3.74647	3.74647	3.46832
k39_4857	1050	3.03333	3.03333	1.28476
k39_4859	1562	2.5517	2.5517	1.04692
k39_142251	1597	5.08569	5.08569	1.77548
k39_24640	2602	5.5779	5.5779	5.05841
k39_122597	6401	7.68261	7.68261	6.51706
k39_44153	1070	3.86848	3.86848	2.37115
k39_24653	1207	6.5175	6.5175	4.21583
k39_44166	1025	3.79543	3.79543	1.735
k39_83282	1088	3.34542	3.34542	1.43444
k39_24682	1189	2.72185	2.72185	1.75012
k39_83297	1389	4.05811	4.05811	4.40052
k39_44204	7017	7.43644	7.43644	7.00021
k39_103132	13708	8.11661	8.11661	9.1056
k39_122692	2140	3.07588	3.07588	1.63377
k39_142354	1143	2.44713	2.44713	0.463178
k39_83345	3204	3.90079	3.90079	3.23915
k39_142385	1209	6.07649	6.07649	3.83252
k39_83362	1212	3.67985	3.67985	1.57885
k39_103193	1604	4.03439	4.03439	2.57695
k39_44250	12915	7.82695	7.82695	8.00398
k39_83382	1346	3.90385	3.90385	3.56984
k39_4990	12369	8.51755	8.51755	8.70459
k39_24800	1556	4.57041	4.57041	5.59042
k39_103209	1241	9.08708	9.08708	3.98415
k39_83397	1041	2.94837	2.94837	1.28722
k39_103231	1060	3.56374	3.56374	1.45412
k39_122772	1833	4.85502	4.85502	2.6817
k39_44281	1064	4.50985	4.50985	2.64667
k39_122776	1026	4.65982	4.65982	5.03842
k39_24828	1495	3.48104	3.48104	1.71561
k39_103237	1115	7.06736	7.06736	8.57949
k39_63987	1095	3.00212	3.00212	1.31991
k39_63991	1603	3.90709	3.90709	2.9452
k39_103243	7426	7.58988	7.58988	9.79207
k39_44295	10104	8.15622	8.15622	9.25591
k39_24846	1369	2.50451	2.50451	0.902077
k39_103252	1517	3.36576	3.36576	1.99643
k39_142439	20777	8.54758	8.54758	9.01969
k39_64010	1309	4.61432	4.61432	1.55148
k39_64016	1994	5.01518	5.01518	3.12512
k39_24876	1993	7.68909	7.68909	6.20023
k39_122829	1208	3.92817	3.92817	2.59465
k39_103310	1722	5.10941	5.10941	4.16625
k39_103319	1241	2.5417	2.5417	1.70354
k39_83506	1118	2.375	2.375	0.573811
k39_5094	1335	6.03882	6.03882	5.94441
k39_44340	14247	8.43364	8.43364	9.04702
k39_142514	2625	3.48848	3.48848	1.63637
k39_83516	1059	2.17162	2.17162	1.11369
k39_64087	2968	3.21647	3.21647	1.94106
k39_83539	1143	2.9708	2.9708	2.06065
k39_5128	1401	2.77938	2.77938	0.901682
k39_103376	1174	2.90137	2.90137	1.12125
k39_44342	24514	9.08045	9.08045	8.33481
k39_5134	1976	4.46276	4.46276	2.98956
k39_64127	2745	3.94644	3.94644	2.14554
k39_83567	1074	2.82143	2.82143	1.40362
k39_142568	1703	4.3123	4.3123	3.61956
k39_44375	2353	3.92556	3.92556	3.42587
k39_24969	12930	8.05915	8.05915	9.1699
k39_44382	1259	4.34806	4.34806	2.77947
k39_142576	1115	2.95544	2.95544	1.97622
k39_24979	1189	6.87392	6.87392	3.95035
k39_64158	1216	2.57786	2.57786	0.882666
k39_142595	1853	4.99237	4.99237	8.52692
k39_5195	5299	6.38765	6.38765	6.54241
k39_44418	1585	5.5777	5.5777	3.89962
k39_122992	1317	4.69152	4.69152	3.46396
k39_103430	2201	6.41687	6.41687	5.11051
k39_64181	1939	4.35662	4.35662	3.28549
k39_103432	1322	2.62969	2.62969	1.15395
k39_103436	1460	2.9458	2.9458	1.32249
k39_83626	1230	3.325	3.325	1.46331
k39_123001	1135	2.74112	2.74112	1.27945
k39_5223	1373	6.04007	6.04007	4.84043
k39_44434	6784	5.57642	5.57642	3.65174
k39_5237	2379	3.42396	3.42396	1.73802
k39_103491	1067	3.73719	3.73719	2.16995
k39_25085	1035	3.71638	3.71638	1.59707
k39_103492	1111	3.79292	3.79292	4.83103
k39_44471	6526	8.37437	8.37437	6.27156
k39_83700	5399	6.40998	6.40998	9.24276
k39_64303	1023	3.11684	3.11684	1.70422
k39_83714	1014	2.29745	2.29745	0.967044
k39_25190	1225	3.57953	3.57953	2.00925
k39_123125	1688	8.30429	8.30429	13.3478
k39_44553	1674	3.72244	3.72244	3.33396
k39_103612	1110	2.40833	2.40833	0.798685
k39_103626	1363	3.60676	3.60676	2.12328
k39_5371	1267	2.16294	2.16294	0.5254
k39_25217	1481	2.71751	2.71751	0.816371
k39_44576	6429	9.38987	9.38987	7.91623
k39_142802	1176	3.01365	3.01365	0.809568
k39_5397	2628	6.87248	6.87248	7.41924
k39_5398	2484	3.80034	3.80034	2.85424
k39_142804	9163	6.76445	6.76445	7.18375
k39_5402	1554	3.79772	3.79772	2.62336
k39_123193	3019	3.8916	3.8916	2.45998
k39_83834	1060	4.00659	4.00659	3.93613
k39_64440	1394	3.6865	3.6865	1.51548
k39_5447	1920	3.3661	3.3661	1.58099
k39_64449	1112	2.67152	2.67152	1.4924
k39_142862	1016	3.21247	3.21247	1.6866
k39_25313	1794	6.34672	6.34672	6.66973
k39_5476	1361	2.45747	2.45747	0.659964
k39_64464	1696	3.13648	3.13648	1.9082
k39_5480	1037	4.46674	4.46674	2.68034
k39_142885	1384	5.99919	5.99919	5.56609
k39_5495	1472	7.05068	7.05068	4.39939
k39_142896	1468	4.07056	4.07056	2.99955
k39_103728	4299	5.19619	5.19619	5.37243
k39_103735	1136	2.89959	2.89959	0.841677
k39_5518	2202	3.62135	3.62135	2.58742
k39_64507	2569	7.31087	7.31087	6.7462
k39_123302	1412	4.05547	4.05547	3.61942
k39_103765	1807	3.31804	3.31804	1.62523
k39_83932	1516	4.30161	4.30161	1.92509
k39_44723	1211	2.7672	2.7672	1.51651
k39_25376	3165	8.30149	8.30149	9.94864
k39_44724	3094	4.00068	4.00068	3.96806
k39_5547	3704	5.41109	5.41109	5.02858
k39_83936	1234	7.24539	7.24539	4.03392
k39_5551	1304	3.44021	3.44021	2.37846
k39_64543	1320	5.20598	5.20598	3.65385
k39_103798	1662	4.52183	4.52183	4.94589
k39_142955	1750	5.70875	5.70875	5.17474
k39_64576	2386	7.52996	7.52996	6.29577
k39_103815	1659	2.75679	2.75679	1.46138
k39_123370	2363	4.57072	4.57072	2.81563
k39_25435	2163	6.2459	6.2459	5.11791
k39_83992	6870	7.83973	7.83973	7.47993
k39_103829	1015	3.74566	3.74566	3.54402
k39_64597	1307	2.38548	2.38548	0.693844
k39_44806	1256	4.16184	4.16184	1.86791
k39_103844	1140	4.82323	4.82323	3.07388
k39_25466	4774	6.2833	6.2833	4.73735
k39_5677	2189	4.36194	4.36194	4.2291
k39_123439	2420	3.42467	3.42467	2.13161
k39_84024	9690	6.86321	6.86321	6.8252
k39_123441	1297	5.01482	5.01482	5.0338
k39_5711	1534	5.5159	5.5159	4.56083
k39_64665	1177	6.82376	6.82376	6.32078
k39_84075	1624	8.21913	8.21913	3.37827
k39_84080	1042	2.74103	2.74103	1.01592
k39_103977	1134	3.57012	3.57012	0.587142
k39_64740	1233	2.3518	2.3518	0.603479
k39_64780	1084	3.28051	3.28051	1.27171
k39_25630	1272	3.58378	3.58378	1.82036
k39_64793	1575	3.29684	3.29684	1.51084
k39_64806	2097	4.33333	4.33333	3.53683
k39_123593	1316	3.2187	3.2187	1.4912
k39_104069	1324	4.21039	4.21039	2.50556
k39_44963	2882	9.25073	9.25073	8.84625
k39_104070	1623	2.73999	2.73999	2.31755
k39_64829	1024	2.65675	2.65675	1.75833
k39_84217	4541	4.25689	4.25689	3.82787
k39_104084	6983	7.72999	7.72999	9.30124
k39_5910	3187	6.57293	6.57293	6.51548
k39_45007	8975	8.13734	8.13734	10.7325
k39_123652	7699	7.96847	7.96847	7.17466
k39_123659	1640	3.52148	3.52148	1.62781
k39_5935	1058	7.14097	7.14097	8.77617
k39_45032	1182	3.70058	3.70058	1.45923
k39_104138	3393	4.03731	4.03731	3.06741
k39_104146	2314	4.86506	4.86506	4.23516
k39_5955	1647	9.41683	9.41683	6.88497
k39_104150	1240	2.60917	2.60917	1.34207
k39_64908	1797	3.94111	3.94111	1.95946
k39_84302	1386	3.86084	3.86084	1.8365
k39_84309	1404	3.71372	3.71372	1.95866
k39_84322	2249	3.90948	3.90948	4.253
k39_25801	1395	2.29398	2.29398	1.14181
k39_143333	1097	3.50264	3.50264	1.95216
k39_143335	1002	6.53286	6.53286	6.18576
k39_25815	2878	5.32295	5.32295	4.04931
k39_6041	1645	8.23545	8.23545	4.37025
k39_84358	1790	4.44756	4.44756	3.64947
k39_45118	1812	4.44886	4.44886	1.75021
k39_123768	1121	4.42122	4.42122	3.19044
k39_45123	1092	2.63163	2.63163	1.26161
k39_84385	1685	3.04951	3.04951	1.78112
k39_65017	2138	5.57596	5.57596	4.26041
k39_143395	2084	3.09824	3.09824	1.62406
k39_123788	1891	5.86847	5.86847	4.21197
k39_143419	1223	4.26561	4.26561	3.1654
k39_25889	2927	5.18077	5.18077	4.43055
k39_25891	1271	5.10348	5.10348	4.09285
k39_84417	2296	3.42824	3.42824	2.48372
k39_104326	1075	2.9027	2.9027	1.14853
k39_6132	1761	2.48727	2.48727	1.33571
k39_143446	1039	2.72216	2.72216	1.30672
k39_6144	1034	2.96946	2.96946	1.20518
k39_25908	7437	8.01208	8.01208	7.71155
k39_123843	2422	7.84331	7.84331	12.7997
k39_143456	1850	3.51941	3.51941	1.82716
k39_84443	1206	6.41761	6.41761	3.73347
k39_45193	1801	3.46941	3.46941	2.31104
k39_104356	1172	5.69863	5.69863	7.19212
k39_6170	1152	2.38922	2.38922	1.16304
k39_84449	5186	7.67633	7.67633	6.76004
k39_104369	1154	3.63048	3.63048	2.55025
k39_6191	1043	9.20045	9.20045	6.14694
k39_25944	1478	2.61747	2.61747	1.01105
k39_104375	1090	5.51383	5.51383	3.95828
k39_104378	2322	4.17357	4.17357	3.64608
k39_123847	27163	8.4285	8.4285	9.75737
k39_25962	1338	7.19529	7.19529	15.3822
k39_65119	9270	7.76974	7.76974	8.40351
k39_123852	2459	5.95236	5.95236	4.38858
k39_45266	2250	5.01048	5.01048	2.8231
k39_6232	1099	4.01686	4.01686	1.63896
k39_25983	1763	3.80843	3.80843	1.63759
k39_84517	1024	2.52174	2.52174	0.749239
k39_25987	1388	7.49677	7.49677	7.96076
k39_65134	5020	8.79322	8.79322	8.46359
k39_65142	1720	4.96688	4.96688	4.86954
k39_84559	1545	3.93477	3.93477	2.4197
k39_143570	1998	7.5579	7.5579	5.66096
k39_6291	1177	3.08958	3.08958	0.703466
k39_143585	7632	8.12296	8.12296	11.7279
k39_84594	1785	4.49602	4.49602	3.76911
k39_123963	1033	4.5504	4.5504	3.21602
k39_65210	1167	4.19666	4.19666	2.79987
k39_104506	1832	4.22652	4.22652	3.23657
k39_65227	2585	6.29938	6.29938	4.66178
k39_6385	1029	2.93402	2.93402	1.00018
k39_124004	3313	3.56434	3.56434	1.30409
k39_6401	1716	3.20434	3.20434	1.41124
k39_104565	1841	3.43643	3.43643	2.44611
k39_45397	1787	4.05681	4.05681	3.73824
k39_65280	1186	2.15058	2.15058	0.798556
k39_26163	3240	8.17217	8.17217	6.61649
k39_143686	2623	4.84917	4.84917	4.97928
k39_6448	1958	6.84071	6.84071	11.9282
k39_84711	1144	3.6006	3.6006	0.65704
k39_6463	1246	2.60219	2.60219	0.913745
k39_124065	1198	2.66698	2.66698	0.757189
k39_65325	1715	3.66134	3.66134	1.78677
k39_143710	1265	2.82332	2.82332	0.987601
k39_45444	2620	8.84413	8.84413	8.48883
k39_124073	1768	3.80779	3.80779	1.78183
k39_65336	1073	3.84074	3.84074	5.9952
k39_65343	1021	3.062	3.062	1.2904
k39_26228	5472	4.87242	4.87242	3.61443
k39_45475	1727	5.70323	5.70323	2.90554
k39_124109	1096	3.49154	3.49154	2.11262
k39_45490	1079	2.58881	2.58881	0.802713
k39_143762	1084	3.53747	3.53747	1.23492
k39_124123	2647	3.45575	3.45575	2.50454
k39_65401	2803	4.049	4.049	4.57149
k39_143781	1036	3.22348	3.22348	1.36017
k39_6558	1036	2.42551	2.42551	0.827769
k39_65407	1260	3.26577	3.26577	2.22776
k39_26282	1071	4.91531	4.91531	4.67109
k39_45530	1041	3.60494	3.60494	1.92915
k39_45532	1711	9.02178	9.02178	11.138
k39_65426	1342	2.61997	2.61997	0.991469
k39_6572	2835	5.45214	5.45214	3.60997
k39_143831	1129	2.85087	2.85087	1.20064
k39_124206	1214	3.04417	3.04417	0.967946
k39_143834	1492	4.94262	4.94262	6.01239
k39_124213	1652	5.89414	5.89414	5.44049
k39_143852	1184	7.49516	7.49516	4.95304
k39_45567	3902	3.64126	3.64126	3.00059
k39_84904	5105	7.42139	7.42139	12.202
k39_104744	7072	6.9204	6.9204	5.36898
k39_124220	1005	2.90409	2.90409	2.28587
k39_65482	1337	2.5754	2.5754	0.922439
k39_104759	4443	7.34801	7.34801	8.50975
k39_104761	1419	4.15445	4.15445	4.10859
k39_6662	1172	5.35714	5.35714	4.24351
k39_84927	1039	3.10799	3.10799	1.23158
k39_65499	1606	3.79739	3.79739	2.83384
k39_124250	1534	3.27529	3.27529	1.39703
k39_104770	1559	4.43364	4.43364	2.60798
k39_26401	1066	2.94214	2.94214	1.46002
k39_45629	2422	4.27289	4.27289	5.3804
k39_26404	2885	3.83108	3.83108	2.10532
k39_143908	6264	6.50343	6.50343	7.67988
k39_84969	5313	5.15282	5.15282	4.886
k39_65548	1054	2.35619	2.35619	1.03578
k39_124314	1018	2.3606	2.3606	1.8502
k39_104811	14249	7.24988	7.24988	7.88113
k39_6753	1160	4.24951	4.24951	2.05662
k39_143944	1725	4.04508	4.04508	2.05832
k39_85016	1281	3.66401	3.66401	1.6941
k39_65592	1262	5.45324	5.45324	3.42715
k39_124394	1330	4.37542	4.37542	3.55784
k39_104853	2638	4.03014	4.03014	3.22584
k39_26503	3644	7.98054	7.98054	11.3983
k39_65668	1276	4.76643	4.76643	3.63161
k39_6870	1370	3.06393	3.06393	1.26251
k39_6885	1741	3.53174	3.53174	2.87806
k39_144086	1426	4.02821	4.02821	4.21414
k39_45789	3703	7.23079	7.23079	8.71426
k39_104931	2592	5.07043	5.07043	5.09787
k39_45835	1445	3.44788	3.44788	1.05892
k39_104943	1128	5.90798	5.90798	6.0693
k39_6936	1300	2.90174	2.90174	0.868487
k39_104962	4046	6.77952	6.77952	7.05307
k39_85213	1684	4.37093	4.37093	3.13237
k39_85216	1963	7.76227	7.76227	6.51577
k39_104979	1886	4.70392	4.70392	2.32614
k39_144159	1228	3.38776	3.38776	3.33512
k39_26654	2427	3.09223	3.09223	2.79198
k39_144169	1673	4.0847	4.0847	5.17491
k39_85233	3612	7.16436	7.16436	8.25237
k39_26666	1176	4.50877	4.50877	3.77015
k39_65768	1243	4.04941	4.04941	1.6807
k39_85237	2070	3.63958	3.63958	3.20413
k39_105036	2692	8.96853	8.96853	9.74715
k39_105038	1988	4.3444	4.3444	2.64836
k39_45921	1350	3.21833	3.21833	1.41851
k39_105046	4942	5.37166	5.37166	6.04241
k39_45923	1709	8.12765	8.12765	6.34252
k39_7067	1010	3.4186	3.4186	2.32515
k39_26729	1486	3.50599	3.50599	0.876356
k39_7068	1665	4.69043	4.69043	3.70795
k39_85311	1099	5.16228	5.16228	2.63818
k39_105064	1287	2.37291	2.37291	1.40305
k39_26753	1040	2.7	2.7	0.9279
k39_65850	1440	3.74031	3.74031	1.48642
k39_45965	1093	2.74337	2.74337	1.66232
k39_144274	1917	8.87493	8.87493	12.9612
k39_85347	1476	2.32881	2.32881	0.645007
k39_124696	1945	3.56267	3.56267	2.27966
k39_45991	2303	7.59266	7.59266	5.05469
k39_105108	1831	3.49375	3.49375	2.90128
k39_124712	1060	3.77253	3.77253	3.07358
k39_124716	3799	5.44451	5.44451	4.52769
k39_105123	1166	2.28839	2.28839	1.23004
k39_124728	1564	5.06294	5.06294	3.94435
k39_124738	2157	5.76682	5.76682	3.63747
k39_144340	2945	4.78318	4.78318	4.47545
k39_124745	1405	9.73785	9.73785	8.42963
k39_144342	1145	4.60603	4.60603	4.06394
k39_85432	1300	3.21913	3.21913	1.44193
k39_7180	1512	4.04479	4.04479	5.79008
k39_124761	1358	4.31291	4.31291	5.2011
k39_144354	4988	8.92208	8.92208	6.07725
k39_7200	3840	7.80081	7.80081	5.23502
k39_26848	1676	3.72346	3.72346	2.18576
k39_26850	1109	2.99166	2.99166	1.42582
k39_144368	1036	2.90068	2.90068	1.08165
k39_124774	3729	6.58871	6.58871	6.07673
k39_85461	1156	3.37773	3.37773	2.30891
k39_144390	1427	4.14879	4.14879	1.70669
k39_26875	1567	4.12562	4.12562	1.38957
k39_46092	1170	3.89706	3.89706	2.77349
k39_26900	1177	2.67965	2.67965	1.23353
k39_105229	1210	3.53396	3.53396	1.30479
k39_26906	1174	2.50879	2.50879	0.885548
k39_124831	1028	4.03303	4.03303	1.48693
k39_66048	1483	4.11553	4.11553	6.1293
k39_124868	1874	3.65371	3.65371	1.63683
k39_46153	1157	3.29394	3.29394	3.01094
k39_144482	1160	2.7396	2.7396	1.53668
k39_144492	1237	11.218	11.218	10.6439
k39_26999	1207	4.95175	4.95175	2.95695
k39_124916	1104	3.78721	3.78721	2.93157
k39_105315	1219	2.73714	2.73714	1.25761
k39_144534	1762	4.50931	4.50931	3.65412
k39_66136	1298	2.66463	2.66463	0.510795
k39_144554	1911	3.63316	3.63316	1.9233
k39_27052	6204	7.69805	7.69805	9.62079
k39_7411	13264	8.05544	8.05544	7.73707
k39_27083	1928	7.04949	7.04949	5.56988
k39_46246	30746	8.50474	8.50474	10.0301
k39_105381	1098	2.22363	2.22363	0.501153
k39_7469	1063	2.71194	2.71194	1.11101
k39_7470	1058	2.68943	2.68943	1.3235
k39_105399	1002	3.84624	3.84624	2.87057
k39_27126	3461	3.29387	3.29387	1.64808
k39_46273	1028	2.67084	2.67084	1.00328
k39_125040	3059	4.77827	4.77827	3.34862
k39_125044	1678	4.22709	4.22709	5.08854
k39_105439	1081	4.23953	4.23953	3.39955
k39_125049	2201	6.89127	6.89127	10.5896
k39_7507	1296	3.37173	3.37173	1.14031
k39_7520	1349	7.27106	7.27106	3.81041
k39_125075	1669	3.62673	3.62673	2.40143
k39_27167	1481	3.79113	3.79113	2.37895
k39_46313	1372	5.24223	5.24223	4.91589
k39_66296	4523	10.2241	10.2241	8.94703
k39_66304	1142	2.20363	2.20363	0.561926
k39_85780	1412	4.47385	4.47385	5.02671
k39_144734	2109	3.95865	3.95865	2.58612
k39_105510	3202	6.4905	6.4905	7.15721
k39_125127	1180	4.2767	4.2767	2.37138
k39_85814	1484	4.33058	4.33058	3.20422
k39_85824	1062	2.65022	2.65022	1.02242
k39_27240	3933	6.05102	6.05102	5.15099
k39_85831	1322	2.73891	2.73891	2.01714
k39_105559	1348	3.91068	3.91068	2.56594
k39_46418	8926	7.79569	7.79569	10.1241
k39_105572	1059	5.09351	5.09351	2.21042
k39_125173	1032	2.23016	2.23016	0.815299
k39_85859	1219	3.19551	3.19551	1.44956
k39_85869	3932	8.02776	8.02776	4.18312
k39_46451	1242	6.33333	6.33333	17.753
k39_105604	2436	3.1168	3.1168	1.45289
k39_46476	1239	3.29017	3.29017	1.7411
k39_7701	1457	3.52028	3.52028	1.00169
k39_105643	2637	7.83072	7.83072	4.66763
k39_125247	1257	2.68293	2.68293	1.03228
k39_105644	1179	3.59378	3.59378	1.72975
k39_27340	24426	8.4249	8.4249	9.13261
k39_85937	1287	2.7467	2.7467	0.812535
k39_7762	1397	3	3	2.33387
k39_7766	1192	4.54223	4.54223	6.96312
k39_46545	2851	6.14328	6.14328	6.0072
k39_144932	2016	3.62165	3.62165	2.29749
k39_85974	1347	3.07435	3.07435	2.26454
k39_66547	1548	3.25751	3.25751	1.40678
k39_7778	15913	7.44459	7.44459	7.36337
k39_105722	12545	8.00532	8.00532	9.97313
k39_86044	2408	4.48406	4.48406	2.00793
k39_105765	1089	4.44409	4.44409	2.46252
k39_7838	1215	3.65352	3.65352	2.70219
k39_66632	2004	8.56095	8.56095	4.23451
k39_66634	1115	2.9544	2.9544	1.39418
k39_105814	3332	4.34538	4.34538	2.84925
k39_27513	1014	3.88426	3.88426	1.91938
k39_27514	1132	3.24949	3.24949	2.28123
k39_7951	1176	3.56628	3.56628	1.29365
k39_145129	2456	8.28014	8.28014	9.12491
k39_125537	1443	3.72235	3.72235	1.98711
k39_125563	2874	6.56608	6.56608	6.57911
k39_125567	1428	7.18466	7.18466	5.21722
k39_27607	2522	3.59949	3.59949	1.08372
k39_125577	1281	4.18568	4.18568	2.12123
k39_27625	1314	3.81443	3.81443	2.04808
k39_105921	2926	2.91643	2.91643	2.43698
k39_46798	1159	3.48563	3.48563	1.22623
k39_105926	1911	4.23453	4.23453	3.89099
k39_46807	1553	3.20884	3.20884	2.14394
k39_8064	1189	3.46968	3.46968	2.93719
k39_105948	1290	2.97193	2.97193	1.5093
k39_105949	3723	8.53932	8.53932	7.24849
k39_86284	1154	3.92032	3.92032	1.40741
k39_125646	1039	2.54331	2.54331	1.80697
k39_8140	2275	4.28	4.28	2.1226
k39_86326	2265	6.51868	6.51868	6.66881
k39_27730	2657	5.53131	5.53131	3.13659
k39_66910	1342	6.0948	6.0948	5.10183
k39_66913	5868	10.0016	10.0016	11.5989
k39_66914	1394	4.05627	4.05627	4.07083
k39_125687	2103	4.0425	4.0425	3.17195
k39_27740	2147	2.96445	2.96445	1.67057
k39_125698	1009	3.40861	3.40861	1.14403
k39_145348	1298	4.12892	4.12892	1.4062
k39_125706	1049	3.64961	3.64961	3.47509
k39_86384	1635	3.74343	3.74343	2.91728
k39_27780	2221	4.58378	4.58378	5.57839
k39_86386	2078	6.72562	6.72562	3.44258
k39_86391	1009	2.40629	2.40629	0.675067
k39_46958	2422	3.35167	3.35167	1.7138
k39_46980	1078	4.4181	4.4181	3.10438
k39_8245	1064	3.93435	3.93435	2.58057
k39_8255	1298	3.2108	3.2108	1.50914
k39_86423	1109	3.79875	3.79875	1.57219
k39_27810	1201	4.73644	4.73644	4.77523
k39_66992	1290	5.20877	5.20877	4.13551
k39_27817	1767	4.1107	4.1107	3.29163
k39_86425	17564	7.52395	7.52395	11.2101
k39_8292	6394	7.4377	7.4377	7.58135
k39_47043	1221	3.65359	3.65359	2.20235
k39_8317	1040	3.2573	3.2573	2.11032
k39_106163	1184	3.9913	3.9913	3.11027
k39_67048	12108	9.25288	9.25288	9.96347
k39_125819	1935	4.72325	4.72325	3.37404
k39_86457	1020	2.97471	2.97471	1.51604
k39_8343	1350	4.37667	4.37667	2.32172
k39_27905	1761	3.54624	3.54624	2.02688
k39_8344	1112	2.08836	2.08836	0.829854
k39_27931	1323	3.36743	3.36743	2.39133
k39_27944	1015	3.37572	3.37572	1.20474
k39_86520	1058	4.76211	4.76211	2.77026
k39_47115	26384	7.56255	7.56255	7.84974
k39_67146	1722	4.8645	4.8645	4.49281
k39_106295	2527	4.04291	4.04291	3.15725
k39_145556	2237	5.59224	5.59224	6.76414
k39_125917	1096	3.27801	3.27801	1.28453
k39_28003	1550	4.52714	4.52714	4.40956
k39_145575	1458	3.97936	3.97936	2.15948
k39_86564	1422	8.18711	8.18711	7.9036
k39_106309	23591	8.51879	8.51879	10.5395
k39_106310	2416	4.55384	4.55384	3.61586
k39_145616	4464	8.11799	8.11799	6.54698
k39_28025	23478	7.79377	7.79377	8.59273
k39_125977	1010	3.65116	3.65116	1.96199
k39_8502	2059	3.69565	3.69565	2.02
k39_28039	1452	4.69508	4.69508	2.6533
k39_106333	1648	3.33111	3.33111	1.21694
k39_86601	2026	3.35075	3.35075	2.86357
k39_28041	1031	4.99205	4.99205	2.08743
k39_86612	1043	3.29003	3.29003	2.37878
k39_86615	4398	8.21045	8.21045	7.60203
k39_47223	1346	2.98997	2.98997	1.74216
k39_145654	1416	3.22907	3.22907	1.5807
k39_67266	1117	2.90072	2.90072	1.66094
k39_145659	6740	8.64507	8.64507	7.20118
k39_8539	1569	4.82452	4.82452	3.64269
k39_28087	4395	8.17527	8.17527	9.14447
k39_47259	4009	3.52423	3.52423	2.48483
k39_126063	1913	4.11061	4.11061	3.40829
k39_145680	1107	5.57262	5.57262	3.88723
k39_67305	8959	9.04711	9.04711	13.5879
k39_67316	1045	3.00335	3.00335	1.14204
k39_47291	1051	4.15205	4.15205	0.986855
k39_106416	1871	2.89599	2.89599	1.32581
k39_67323	1244	4.04845	4.04845	1.86132
k39_67332	7259	7.74525	7.74525	7.6079
k39_126120	3463	6.81437	6.81437	4.95796
k39_126132	1497	3.40757	3.40757	2.86274
k39_145780	1332	3.08629	3.08629	2.42269
k39_67376	1203	3.66192	3.66192	1.54147
k39_126145	1619	3.9789	3.9789	4.27271
k39_28156	7041	8.42519	8.42519	9.27379
k39_67381	4946	7.60759	7.60759	7.44481
k39_145798	1064	3.70241	3.70241	2.3385
k39_106508	1038	3.97523	3.97523	5.04787
k39_67397	3025	4.55061	4.55061	2.72629
k39_8689	1361	3.85797	3.85797	2.2327
k39_28186	1093	4.53022	4.53022	3.05193
k39_86795	1458	7.27217	7.27217	8.68483
k39_106551	1038	3.57658	3.57658	2.54881
k39_47420	1334	3.03125	3.03125	1.3456
k39_28223	4812	5.03732	5.03732	4.93439
k39_47428	2026	2.8774	2.8774	1.51137
k39_47446	1621	4.59279	4.59279	2.75584
k39_106589	2161	3.181	3.181	1.53836
k39_67463	16627	8.6872	8.6872	9.6095
k39_106596	1098	5.27637	5.27637	3.34912
k39_28272	2000	4.30649	4.30649	5.28897
k39_28280	1095	2.66032	2.66032	1.41734
k39_86885	1973	2.63796	2.63796	1.4166
k39_67501	1512	4.62408	4.62408	3.73807
k39_106646	3332	6.14582	6.14582	5.3701
k39_145952	1015	4.18497	4.18497	3.60464
k39_67562	1538	4.14265	4.14265	3.80082
k39_47524	9701	7.22521	7.22521	9.34971
k39_8903	2742	5.74537	5.74537	4.67229
k39_28383	1002	3.38498	3.38498	1.35103
k39_8935	3427	7.86176	7.86176	7.48611
k39_87031	1222	2.82743	2.82743	0.774114
k39_126431	1057	3.30981	3.30981	1.56947
k39_8982	1439	3.34523	3.34523	2.17806
k39_47638	1020	4.53793	4.53793	3.52389
k39_87088	1001	2.40658	2.40658	1.16861
k39_126458	7905	7.81625	7.81625	10.913
k39_9014	3431	7.91893	7.91893	10.6497
k39_9021	4622	4.18292	4.18292	4.28988
k39_9029	1035	4.1435	4.1435	3.09136
k39_87116	1975	5.23014	5.23014	4.39327
k39_67736	2968	3.23882	3.23882	1.44704
k39_106853	1270	2.87857	2.87857	0.912866
k39_67744	1390	3.01371	3.01371	1.09182
k39_9070	2525	3.976	3.976	2.93664
k39_146155	1027	2.41847	2.41847	0.68883
k39_146159	1072	4.16269	4.16269	3.12876
k39_106912	1167	3.00885	3.00885	1.68005
k39_47737	2223	9.05644	9.05644	6.5745
k39_87160	2273	5.03674	5.03674	4.93082
k39_146195	1030	2.92841	2.92841	0.526155
k39_146199	2271	4.85007	4.85007	4.28695
k39_67799	1628	9.41813	9.41813	7.78576
k39_106931	1200	3.63905	3.63905	1.55405
k39_106937	1340	2.77563	2.77563	1.60056
k39_87170	6072	5.63982	5.63982	4.67904
k39_87194	1859	4.06085	4.06085	5.31245
k39_146239	2521	4.01729	4.01729	2.20602
k39_67853	1380	6.50081	6.50081	4.45687
k39_9198	1374	3.53595	3.53595	3.41983
k39_146280	1054	4.34624	4.34624	1.65296
k39_126622	1223	4.36813	4.36813	3.67125
k39_146319	1060	3.87253	3.87253	4.24776
k39_126649	1544	3.23386	3.23386	1.53034
k39_28700	1385	4.26883	4.26883	2.4366
k39_67909	7011	8.57091	8.57091	10.4296
k39_107074	1049	3.3871	3.3871	1.48029
k39_87293	1056	4.09934	4.09934	1.45532
k39_67927	1180	3.3534	3.3534	3.19087
k39_87319	1155	3.45572	3.45572	2.38573
k39_126681	1894	2.84748	2.84748	1.16434
k39_9280	1032	3.7551	3.7551	0.920665
k39_28768	1008	3.17483	3.17483	1.71269
k39_107118	1177	6.61636	6.61636	4.98911
k39_67962	1079	3.90205	3.90205	1.86432
k39_146412	1342	4.75839	4.75839	3.60741
k39_67984	1313	2.70163	2.70163	0.984046
k39_28828	1515	4.00733	4.00733	2.29318
k39_107163	3191	3.6613	3.6613	2.99444
k39_126749	1457	3.60291	3.60291	1.19825
k39_87401	1029	2.84073	2.84073	0.689866
k39_107176	9994	7.39882	7.39882	8.35872
k39_9410	1614	5.39344	5.39344	5.12058
k39_87425	1159	3.33499	3.33499	3.64958
k39_68062	2035	5.66366	5.66366	4.98978
k39_87434	1701	6.32044	6.32044	7.06047
k39_146513	1208	5.66352	5.66352	7.02383
k39_68082	1361	2.62593	2.62593	1.4426
k39_48036	4298	8.76591	8.76591	8.93213
k39_107227	2190	4.15686	4.15686	3.37603
k39_48044	2058	3.89937	3.89937	4.6632
k39_28907	1666	3.50923	3.50923	2.49959
k39_87457	1011	2.83624	2.83624	0.765008
k39_68101	2463	7.03761	7.03761	5.14947
k39_87478	1367	4.55546	4.55546	1.24549
k39_146570	2496	7.64749	7.64749	8.33935
k39_68154	1032	2.9195	2.9195	1.63823
k39_68162	1266	3.90591	3.90591	1.43778
k39_87551	1141	3.43189	3.43189	1.94662
k39_126887	3445	6.96267	6.96267	9.78151
k39_68170	1267	3.98389	3.98389	3.3474
k39_48127	1536	3.20346	3.20346	2.69214
k39_87573	1686	3.54688	3.54688	1.92614
k39_146621	1496	4.65082	4.65082	5.25047
k39_68204	2463	7.86641	7.86641	6.68932
k39_48165	1266	3.03047	3.03047	3.25826
k39_68208	1542	4.45546	4.45546	3.72772
k39_107371	1703	3.085	3.085	1.67318
k39_9588	1332	3.45431	3.45431	1.95852
k39_126938	2095	4.28895	4.28895	2.95968
k39_107380	1409	5.23749	5.23749	5.09857
k39_68236	1347	3.17377	3.17377	1.43968
k39_146662	1274	3.43416	3.43416	1.76503
k39_29083	1369	2.37162	2.37162	0.867535
k39_48244	1307	3.87986	3.87986	1.93971
k39_107435	1607	7.05971	7.05971	8.73338
k39_87681	1089	2.92971	2.92971	1.95666
k39_9693	1875	3.09739	3.09739	1.91397
k39_48286	1055	2.49392	2.49392	2.41395
k39_107496	1229	3.1835	3.1835	1.24273
k39_127072	1085	4.73262	4.73262	3.26888
k39_107502	1174	4.07715	4.07715	1.69006
k39_9730	2487	3.15918	3.15918	1.97127
k39_9766	4082	7.90743	7.90743	10.2662
k39_107560	1046	3.56138	3.56138	1.61858
k39_68417	1133	3.23805	3.23805	1.6113
k39_48362	1328	4.21732	4.21732	2.0003
k39_9792	1634	3.18329	3.18329	1.7506
k39_87791	1400	2.904	2.904	1.05242
k39_68464	1168	4.62083	4.62083	2.39886
k39_107621	1106	3.99059	3.99059	3.27005
k39_146909	1607	4.27179	4.27179	3.05522
k39_9840	1105	6.9801	6.9801	6.55202
k39_127201	1257	4.47064	4.47064	2.55679
k39_48464	1074	3.4816	3.4816	1.74072
k39_9862	10875	7.0607	7.0607	6.28799
k39_107649	1180	3.34175	3.34175	0.967648
k39_68522	1087	4.49413	4.49413	2.29724
k39_68526	2382	3.27375	3.27375	2.15047
k39_48497	1354	2.76163	2.76163	0.926504
k39_127204	11929	7.70405	7.70405	8.47565
k39_146953	1103	3.766	3.766	0.687831
k39_87892	1570	2.78028	2.78028	1.47811
k39_87903	1008	3.91725	3.91725	2.083
k39_68580	2854	6.84578	6.84578	5.30104
k39_29381	1752	3.72347	3.72347	1.94285
k39_127292	1799	9.25894	9.25894	9.88134
k39_9997	1608	4.22634	4.22634	2.06955
k39_68675	1124	3.60575	3.60575	2.0068
k39_29461	1035	4.0339	4.0339	2.19568
k39_68711	1122	2.7572	2.7572	1.88332
k39_10071	1729	2.80621	2.80621	1.10058
k39_88037	7396	8.73392	8.73392	9.28137
k39_107840	1353	2.68495	2.68495	0.821627
k39_147094	1536	3.87374	3.87374	1.72484
k39_88048	2476	5.02795	5.02795	3.12138
k39_10083	9127	6.84115	6.84115	5.62216
k39_127415	1446	3.74614	3.74614	2.87373
k39_107872	1201	2.6784	2.6784	0.805048
k39_127424	1005	3.29942	3.29942	2.58004
k39_88067	1016	3.64319	3.64319	1.45289
k39_29556	1364	3.51812	3.51812	2.00255
k39_29585	1802	4.6253	4.6253	2.62213
k39_88115	1168	4.4224	4.4224	3.95713
k39_107939	1772	5.02035	5.02035	3.58568
k39_107989	2834	6.81483	6.81483	9.80656
k39_48799	1792	4.92448	4.92448	3.77369
k39_108013	1069	3.82372	3.82372	2.68782
k39_29695	1390	4.12581	4.12581	1.84533
k39_147299	2312	7.7308	7.7308	6.10427
k39_10258	1175	3.55024	3.55024	2.39811
k39_48864	6281	6.0628	6.0628	4.63211
k39_108068	2490	3.82393	3.82393	2.37343
k39_68978	2818	8.46664	8.46664	4.43272
k39_108084	1213	5.254	5.254	5.5023
k39_29767	7843	7.67555	7.67555	7.37285
k39_88313	1274	5.04448	5.04448	3.19483
k39_68997	1334	2.95017	2.95017	0.79634
k39_69003	1977	4.71155	4.71155	2.30286
k39_108116	2053	3.20336	3.20336	1.18733
k39_10341	2279	3.4542	3.4542	2.85421
k39_48966	1024	2.37986	2.37986	1.07203
k39_108160	1071	4.9772	4.9772	3.70057
k39_69083	1824	3.86679	3.86679	3.03126
k39_147450	1113	4.50467	4.50467	5.14629
k39_88412	1565	4.37244	4.37244	5.42628
k39_88426	1300	3.99652	3.99652	4.13057
k39_88430	1547	3.12813	3.12813	1.43271
k39_29881	1528	3.20972	3.20972	2.35029
k39_127787	7450	5.48027	5.48027	4.51458
k39_127788	1183	3.39981	3.39981	1.5929
k39_127791	1031	2.42452	2.42452	1.24912
k39_108237	1527	3.36964	3.36964	1.71866
k39_29919	2160	5.81493	5.81493	5.46494
k39_108248	2036	8.68028	8.68028	8.73112
k39_49119	1182	3.31492	3.31492	1.08502
k39_127821	5307	7.17025	7.17025	5.04559
k39_147562	1903	2.89675	2.89675	1.4511
k39_88502	1085	2.02781	2.02781	1.01421
k39_10484	3167	5.14915	5.14915	5.64088
k39_127870	4355	8.46992	8.46992	11.1816
k39_147605	1344	2.18007	2.18007	0.630582
k39_49171	1112	2.90644	2.90644	0.852837
k39_108343	1261	4.67507	4.67507	3.75468
k39_127912	1613	4.92139	4.92139	3.15048
k39_127917	1177	2.79163	2.79163	1.42634
k39_69280	1303	3.34866	3.34866	1.34881
k39_127919	5505	8.33035	8.33035	9.29672
k39_147681	2411	3.13268	3.13268	2.14786
k39_127942	1475	3.59321	3.59321	1.51793
k39_69303	1216	2.75985	2.75985	0.839929
k39_69310	3480	5.23634	5.23634	4.33783
k39_30089	1045	3.65363	3.65363	1.62934
k39_147720	1063	3.60022	3.60022	2.33231
k39_69343	1380	4.74309	4.74309	3.3839
k39_128010	1244	2.92596	2.92596	1.88381
k39_147755	1167	3.02163	3.02163	1.14126
k39_88742	2785	3.70664	3.70664	1.53536
k39_10666	1024	4.25858	4.25858	1.60775
k39_30184	1073	2.96641	2.96641	1.11925
k39_108505	1180	3.77379	3.77379	3.02071
k39_10677	1088	6.11514	6.11514	3.49582
k39_128068	1425	3.00863	3.00863	1.89711
k39_69429	1047	3.27648	3.27648	1.41901
k39_147846	1101	4.04732	4.04732	1.35461
k39_10718	1020	3.70345	3.70345	1.59205
k39_108572	1270	6.81339	6.81339	1.90528
k39_128139	1082	2.81009	2.81009	0.744777
k39_147912	1009	3.11874	3.11874	1.99055
k39_88887	1616	3.33902	3.33902	1.94712
k39_88889	2394	2.96212	2.96212	2.38424
k39_10792	1962	3.4404	3.4404	2.85726
k39_147932	1007	3.69662	3.69662	1.9943
k39_88895	1223	5.58062	5.58062	8.80896
k39_30314	1905	4.24672	4.24672	2.02631
k39_147940	1241	2.90742	2.90742	1.4694
k39_10822	2168	7.61199	7.61199	5.58219
k39_10842	1060	3.04725	3.04725	2.5225
k39_69582	2108	3.24208	3.24208	2.34506
k39_128260	16565	8.48955	8.48955	8.85139
k39_147993	2326	4.07858	4.07858	4.3758
k39_88957	2106	3.2684	3.2684	1.70439
k39_69646	1034	2.90724	2.90724	1.37983
k39_10908	1045	2.67374	2.67374	2.04333
k39_108762	1100	10.4916	10.4916	11.4198
k39_128292	2247	3.33095	3.33095	1.80836
k39_88980	1658	3.35013	3.35013	1.67027
k39_30436	1514	2.79765	2.79765	1.2679
k39_148021	1174	2.70996	2.70996	1.22859
k39_128310	2048	9.69442	9.69442	8.78482
k39_69698	5118	8.54428	8.54428	8.04316
k39_89027	1477	8.39111	8.39111	2.75567
k39_89035	2490	7.30214	7.30214	4.19299
k39_89044	1354	5.86877	5.86877	2.78082
k39_49619	1282	2.83127	2.83127	1.77434
k39_30533	1232	3.10906	3.10906	2.47098
k39_108871	1176	3.79825	3.79825	1.59145
k39_148114	1048	2.54566	2.54566	1.392
k39_148124	1026	2.93037	2.93037	1.37914
k39_148129	1004	5.9918	5.9918	2.94131
k39_108897	2775	6.30438	6.30438	6.21717
k39_89115	1042	7.75448	7.75448	4.50194
k39_30578	1951	3.35036	3.35036	1.94551
k39_49686	1026	3.53767	3.53767	1.07401
k39_49691	1096	2.51586	2.51586	1.1008
k39_128463	2237	3.7403	3.7403	1.58258
k39_89140	1283	5.94351	5.94351	6.9756
k39_108936	1157	3.52731	3.52731	1.82405
k39_89150	1003	2.19812	2.19812	0.684877
k39_49716	10179	8.02662	8.02662	6.9669
k39_69876	4616	5.1386	5.1386	3.95337
k39_89181	1385	6.73036	6.73036	3.42563
k39_128548	1382	4.44643	4.44643	1.28713
k39_30689	1679	4.4225	4.4225	2.14729
k39_128567	5964	7.66684	7.66684	4.79887
k39_69950	1023	2.08018	2.08018	0.390355
k39_11257	1313	2.93551	2.93551	1.63352
k39_109085	1051	2.41731	2.41731	1.44565
k39_49823	1063	3.30011	3.30011	1.12037
k39_11276	1036	3.76637	3.76637	2.32839
k39_89317	1028	2.39977	2.39977	1.0977
k39_11304	2603	4.03995	4.03995	1.48292
k39_128677	1808	4.63631	4.63631	4.46697
k39_148394	1857	4.07909	4.07909	2.90874
k39_11312	1027	3.93615	3.93615	2.55987
k39_89340	1240	4.14771	4.14771	5.3363
k39_109167	1364	2.83855	2.83855	1.23359
k39_30844	1048	5.39532	5.39532	5.40542
k39_89379	1151	2.82118	2.82118	1.04099
k39_30854	2039	8.21705	8.21705	8.88612
k39_128723	2642	4.00522	4.00522	4.38253
k39_49961	5279	9.02964	9.02964	10.8333
k39_109214	1189	4.18961	4.18961	3.37733
k39_109218	1484	4.15142	4.15142	5.0348
k39_49981	1577	4.14786	4.14786	4.07136
k39_89424	1332	4.61675	4.61675	2.67011
k39_11415	1139	2.82609	2.82609	1.6762
k39_128753	1922	4.28386	4.28386	4.54785
k39_70130	3089	5.61449	5.61449	10.1145
k39_89428	1459	4.80596	4.80596	3.97149
k39_109233	2953	5.05673	5.05673	3.27979
k39_89448	3097	7.14421	7.14421	6.43245
k39_89458	1168	3.35363	3.35363	2.67717
k39_50038	1004	2.45433	2.45433	1.35723
k39_148518	1234	3.94834	3.94834	1.42853
k39_50081	1061	3.73546	3.73546	0.911259
k39_11496	1034	3.51584	3.51584	1.26023
k39_148560	1022	2.84289	2.84289	1.24394
k39_128834	1014	5.39468	5.39468	4.50568
k39_128840	4551	5.93774	5.93774	36.5101
k39_128862	1794	5.82603	5.82603	6.71958
k39_11540	1513	3.19222	3.19222	1.98358
k39_128864	1044	2.62528	2.62528	1.10355
k39_109361	1038	2.625	2.625	1.15234
k39_89598	1851	3.05585	3.05585	1.57278
k39_50189	1282	3.61837	3.61837	1.32373
k39_148659	1637	7.37391	7.37391	18.6663
k39_128905	1031	2.79115	2.79115	1.24042
k39_128921	1059	3.0352	3.0352	2.13973
k39_128950	1744	6.78858	6.78858	6.67156
k39_70333	1973	3.56829	3.56829	1.20157
k39_148709	2582	3.7866	3.7866	3.40859
k39_89650	6463	8.99382	8.99382	9.7109
k39_31112	1176	3.61306	3.61306	1.95843
k39_11682	3633	4.12748	4.12748	4.3147
k39_129013	1347	3.02924	3.02924	1.63878
k39_148758	2080	3.81917	3.81917	2.30477
k39_31136	1501	3.42413	3.42413	2.00295
k39_50295	8485	7.78632	7.78632	7.36977
k39_70428	2662	6.2301	6.2301	4.1995
k39_109556	1293	5.62555	5.62555	3.29048
k39_11759	2363	3.96385	3.96385	2.31972
k39_50333	1664	3.8712	3.8712	3.06139
k39_129088	1750	3.69875	3.69875	2.21563
k39_70473	3500	8.25045	8.25045	10.6541
k39_11794	1617	4.37219	4.37219	2.2188
k39_50369	1500	9.24	9.24	14.2863
k39_89769	1606	4.1456	4.1456	2.67707
k39_129203	1556	3.56401	3.56401	2.9507
k39_31301	1738	4.86272	4.86272	3.99753
k39_148966	1020	2.9046	2.9046	1.66063
k39_109710	2029	4.63332	4.63332	4.04272
k39_50498	1190	4.3375	4.3375	4.21229
k39_89885	1465	3.39087	3.39087	2.95672
k39_31347	1282	3.39576	3.39576	2.41796
k39_89886	1275	3.91733	3.91733	2.19155
k39_31349	2288	4.71936	4.71936	4.92169
k39_31359	1059	4.38614	4.38614	3.2571
k39_89910	1131	2.78695	2.78695	1.36374
k39_89912	1215	3.1061	3.1061	1.35997
k39_149019	1225	4.80837	4.80837	3.37852
k39_50554	1699	3.69916	3.69916	2.94561
k39_129277	1504	3.33973	3.33973	1.74112
k39_109797	1205	3.56114	3.56114	1.60892
k39_70650	1191	2.98655	2.98655	1.96904
k39_11992	1020	2.36552	2.36552	0.598118
k39_50580	1172	3.30235	3.30235	1.58823
k39_89951	1682	2.54896	2.54896	0.833006
k39_129304	1731	3.31942	3.31942	1.95171
k39_109834	1379	5.90399	5.90399	3.66504
k39_12002	10948	7.86034	7.86034	10.3366
k39_89998	1496	6.52675	6.52675	6.83685
k39_129340	1536	4.99856	4.99856	7.27654
k39_12039	1068	3.26906	3.26906	2.00059
k39_50648	1353	2.95927	2.95927	0.924292
k39_50656	4347	8.06243	8.06243	8.49901
k39_50667	1368	3.72989	3.72989	2.92041
k39_149199	1215	2.95869	2.95869	1.83476
k39_129408	1550	4.12857	4.12857	3.54027
k39_50674	1100	4.61895	4.61895	2.69976
k39_90087	2092	6.27755	6.27755	3.33303
k39_50714	1449	3.58661	3.58661	1.01465
k39_70829	3613	10.1155	10.1155	20.3448
k39_109967	1050	3.6	3.6	3.07231
k39_149258	3386	4.05748	4.05748	2.96979
k39_129462	1573	3.6149	3.6149	2.27353
k39_31586	2597	3.47732	3.47732	1.62162
k39_31594	1613	3.87765	3.87765	2.22374
k39_31605	1292	2.89142	2.89142	0.834818
k39_90134	1311	5.00345	5.00345	3.17585
k39_90149	1610	2.55137	2.55137	0.884952
k39_50786	1694	3.22345	3.22345	1.56961
k39_90164	1095	5.08466	5.08466	3.85724
k39_129529	1869	4.3089	4.3089	4.49067
k39_90179	1240	2.91651	2.91651	3.57156
k39_110043	8918	7.0357	7.0357	7.12465
k39_129543	2331	5.75241	5.75241	3.6772
k39_129544	1174	3.87012	3.87012	1.56765
k39_110045	1050	2.57778	2.57778	0.831536
k39_149339	7139	8.47103	8.47103	8.29528
k39_70942	1193	4.44679	4.44679	1.92686
k39_149348	3207	6.00425	6.00425	6.24244
k39_50841	1161	4.55292	4.55292	2.15238
k39_149351	2453	3.77334	3.77334	1.98596
k39_50846	1460	3.79771	3.79771	2.62445
k39_12328	2682	7.98776	7.98776	10.9374
k39_71018	1079	3.36383	3.36383	2.14765
k39_149393	1197	3.08883	3.08883	1.07337
k39_149397	1097	3.33157	3.33157	0.858226
k39_12374	1302	4.50087	4.50087	2.9001
k39_129651	1282	4.3189	4.3189	3.82129
k39_129668	1351	4.46711	4.46711	2.90746
k39_90294	6259	5.88722	5.88722	5.82638
k39_50919	1243	3.84629	3.84629	1.4672
k39_149441	1954	4.0122	4.0122	2.7453
k39_149475	1337	4.96293	4.96293	2.35444
k39_12459	1629	6.72684	6.72684	6.7183
k39_51011	1472	2.54312	2.54312	0.802456
k39_110291	1342	2.74329	2.74329	1.10953
k39_110300	1034	3.44796	3.44796	1.68811
k39_110319	1244	2.56856	2.56856	0.946346
k39_12572	4322	8.5906	8.5906	6.19534
k39_51088	1681	3.81319	3.81319	1.80039
k39_31956	1196	3.37285	3.37285	1.44172
k39_149596	6598	8.02218	8.02218	9.83578
k39_149602	1005	3.6152	3.6152	2.28852
k39_90491	1062	3.34978	3.34978	3.20245
k39_71246	1073	3.21452	3.21452	1.93008
k39_149636	2041	3.29297	3.29297	1.65808
k39_12623	1208	4.00945	4.00945	3.38307
k39_90556	1222	2.38899	2.38899	1.24817
k39_12632	1084	4.30728	4.30728	3.32349
k39_129929	2955	3.45062	3.45062	1.86677
k39_32034	1192	3.97217	3.97217	1.90794
k39_51167	1999	12.1347	12.1347	25.4484
k39_90589	2900	4.32436	4.32436	2.75978
k39_12704	1997	10.2361	10.2361	10.5358
k39_90597	1167	3.12881	3.12881	1.61232
k39_71361	1015	3.32139	3.32139	1.14428
k39_129989	2292	5.07096	5.07096	6.71512
k39_110470	6004	5.01247	5.01247	3.98465
k39_130014	1312	5.25645	5.25645	6.68528
k39_71395	5857	4.44191	4.44191	2.6638
k39_12776	1489	2.53846	2.53846	1.15303
k39_90661	1727	3.99366	3.99366	3.15348
k39_32156	2790	6.69091	6.69091	5.45895
k39_90705	1564	3.92574	3.92574	3.1516
k39_32182	1611	2.5462	2.5462	1.20831
k39_149810	1126	4.82377	4.82377	2.3525
k39_90731	1501	4.48038	4.48038	3.92831
k39_149814	1194	5.5431	5.5431	1.86871
k39_90742	1012	3.76102	3.76102	0.753514
k39_149842	1656	4.47078	4.47078	2.60413
k39_71515	1082	5.17382	5.17382	1.51649
k39_130147	1618	3.91621	3.91621	2.47219
k39_130151	3700	6.53014	6.53014	4.36247
k39_110630	1246	3.30201	3.30201	1.02195
k39_149881	1228	4.32468	4.32468	3.39309
k39_71559	1001	3.84959	3.84959	1.39853
k39_110643	3296	6.22537	6.22537	5.71741
k39_51429	1649	5.60307	5.60307	2.38372
k39_110657	1274	3.49021	3.49021	2.84494
k39_32309	5155	7.48651	7.48651	7.07402
k39_71618	1617	3.76619	3.76619	3.97055
k39_71626	1591	5.07911	5.07911	2.84101
k39_110718	1551	3.51178	3.51178	1.73435
k39_110720	1215	4.15681	4.15681	3.72256
k39_13019	1747	4.66688	4.66688	2.49799
k39_149985	1000	4.21882	4.21882	2.34074
k39_149990	1261	2.80648	2.80648	1.85892
k39_130266	1387	8.05093	8.05093	6.77977
k39_90962	1029	3.16951	3.16951	2.63752
k39_150016	1416	4.32622	4.32622	3.40576
k39_150023	2721	4.49125	4.49125	5.78697
k39_13065	2689	4.11028	4.11028	1.9571
k39_150041	1719	3.37922	3.37922	1.72152
k39_51604	1321	3.67549	3.67549	2.257
k39_51605	1565	3.77173	3.77173	1.49454
k39_51621	1692	3.32879	3.32879	2.73478
k39_32538	1891	4.10569	4.10569	2.46239
k39_71808	1710	2.90321	2.90321	2.46203
k39_13184	1261	2.68137	2.68137	1.08757
k39_91099	2255	5.38575	5.38575	4.56598
k39_32576	1299	3.70148	3.70148	1.48833
k39_32579	1009	4.6135	4.6135	4.51944
k39_32585	1402	2.6885	2.6885	1.11313
k39_71857	1017	4.20069	4.20069	7.10058
k39_91138	2410	5.63673	5.63673	4.59522
k39_91140	1029	3.14221	3.14221	1.62328
k39_71858	1109	3.16058	3.16058	1.47105
k39_110938	2840	4.40409	4.40409	3.0003
k39_110957	1173	3.75367	3.75367	3.38157
k39_51749	1042	2.93498	2.93498	3.14282
k39_150205	1373	3.96157	3.96157	2.0468
k39_110985	1335	2.71308	2.71308	1.47333
k39_32677	1009	3.62747	3.62747	2.54172
k39_150260	1883	3.56607	3.56607	2.9121
k39_72015	1248	3.00729	3.00729	1.19046
k39_51847	1424	4.04082	4.04082	4.13502
k39_111081	2110	4.99133	4.99133	6.0944
k39_91300	1274	3.00178	3.00178	8.53785
k39_111090	2295	3.74825	3.74825	3.57369
k39_51860	1249	4.08826	4.08826	2.51772
k39_72045	2723	6.2433	6.2433	5.42757
k39_32798	1291	3.46626	3.46626	1.95434
k39_13473	1171	3.16063	3.16063	1.48985
k39_72139	1273	4.97507	4.97507	5.5502
k39_51975	1438	3.14519	3.14519	2.0838
k39_72154	1224	17.2318	17.2318	10.2323
k39_91484	1163	2.69694	2.69694	1.23711
k39_130795	1228	2.38683	2.38683	0.865087
k39_72218	2650	3.8292	3.8292	1.51422
k39_150524	1227	2.78552	2.78552	0.588709
k39_130831	1206	4.00852	4.00852	2.79898
k39_130846	1021	2.28243	2.28243	0.531634
k39_13632	2108	3.91675	3.91675	2.92658
k39_13635	1012	4.92111	4.92111	3.03209
k39_52113	1190	4.64712	4.64712	3.59143
k39_33015	1172	3.83366	3.83366	2.03303
k39_13657	1151	4.07393	4.07393	2.75853
k39_130894	1261	3.15752	3.15752	1.59229
k39_91599	1173	5.82698	5.82698	6.89666
k39_150605	8736	7.14384	7.14384	7.82432
k39_13685	1196	3.63289	3.63289	1.94739
k39_130921	1022	3.14679	3.14679	1.00483
k39_150621	1064	4.14333	4.14333	2.65962
k39_130961	1019	3.8481	3.8481	2.05984
k39_91668	1031	3.4109	3.4109	1.36505
k39_150662	1093	4.25875	4.25875	2.38945
k39_52216	2373	4.46559	4.46559	4.2507
k39_72406	1043	3.45801	3.45801	2.38976
k39_52243	1064	3.70131	3.70131	1.24366
k39_131007	2140	4.10352	4.10352	5.05919
k39_150737	1036	2.85666	2.85666	0.57039
k39_33243	1021	3.23421	3.23421	2.54278
k39_52291	1894	6.20986	6.20986	5.55894
k39_131058	1060	3.24176	3.24176	1.44866
k39_131063	1356	3.27446	3.27446	1.77606
k39_111579	1877	2.9253	2.9253	1.38667
k39_91794	1312	2.67556	2.67556	0.980781
k39_52339	3515	4.46746	4.46746	2.33524
k39_131092	2170	4.60198	4.60198	3.47893
k39_72548	1086	4.15705	4.15705	2.3828
k39_111619	1574	4.3757	4.3757	4.22908
k39_52347	1294	5.64598	5.64598	4.99176
k39_52363	1023	3.73081	3.73081	3.24282
k39_72566	1540	2.4482	2.4482	0.806173
k39_52373	2133	3.86435	3.86435	3.54717
k39_72580	1230	4.00093	4.00093	1.38925
k39_111678	1178	3.92121	3.92121	2.68415
k39_33411	1346	3.54766	3.54766	3.02953
k39_13976	1114	4.73444	4.73444	2.77674
k39_72662	1369	3.47744	3.47744	2.29566
k39_111778	1456	3.99311	3.99311	1.36315
k39_72696	4711	7.34071	7.34071	9.50182
k39_131313	1111	3.07596	3.07596	0.957768
k39_111810	1235	3.66175	3.66175	1.30706
k39_91985	1147	3.81545	3.81545	4.33138
k39_72720	1285	3.37797	3.37797	0.924912
k39_151003	1539	4.53708	4.53708	3.63497
k39_72760	1277	3.34605	3.34605	0.746931
k39_131382	1920	4.09887	4.09887	2.49163
k39_52604	1078	2.39224	2.39224	1.35191
k39_131408	2873	5.34888	5.34888	4.13614
k39_111917	1053	4.06202	4.06202	3.15804
k39_72827	2123	7.77446	7.77446	12.5906
k39_111938	4154	6.36513	6.36513	6.77938
k39_72872	1035	3.41695	3.41695	1.27731
k39_131472	3422	4.78912	4.78912	4.61833
k39_52670	1452	4.10829	4.10829	1.16505
k39_72877	1276	3.37478	3.37478	1.93053
k39_52720	1017	5.36217	5.36217	4.21972
k39_33793	1441	3.67157	3.67157	1.92307
k39_14337	1136	4.00913	4.00913	1.57859
k39_33806	1053	3.90476	3.90476	1.31464
k39_72986	5805	5.36534	5.36534	4.96081
k39_33830	1490	3.52836	3.52836	2.89166
k39_14384	1790	4.65488	4.65488	2.46776
k39_52849	3089	4.32596	4.32596	4.58535
k39_131632	1512	2.46696	2.46696	0.864816
k39_73098	1057	3.31753	3.31753	0.788689
k39_14489	1090	2.38511	2.38511	0.792966
k39_92401	1451	3.9093	3.9093	2.1164
k39_92411	1960	4.1547	4.1547	1.27734
k39_52971	1332	3.92132	3.92132	3.06662
k39_131779	2270	4.30849	4.30849	3.92173
k39_73201	3516	3.35621	3.35621	1.80268
k39_112350	1730	3.60316	3.60316	2.74995
k39_92474	3891	5.82946	5.82946	7.19288
k39_131834	1357	2.92212	2.92212	1.6888
k39_92496	1223	3.81827	3.81827	1.79998
k39_131859	2004	3.05286	3.05286	1.16288
k39_131891	1324	3.07496	3.07496	1.53402
k39_131901	1087	5.21238	5.21238	1.92173
k39_53094	4215	5.44256	5.44256	4.89446
k39_53120	1080	3.85591	3.85591	1.68427
k39_151632	1660	2.90397	2.90397	1.16706
k39_53145	1640	2.61678	2.61678	0.909451
k39_92596	5380	5.51759	5.51759	4.41328
k39_112489	2115	4.04173	4.04173	3.55733
k39_132015	1095	2.86243	2.86243	1.72682
k39_34254	1070	2.99565	2.99565	0.840025
k39_73411	5484	8.0913	8.0913	7.02727
k39_112549	1533	5.10701	5.10701	4.86551
k39_92656	1038	2.83671	2.83671	1.4919
k39_53212	4007	7.2489	7.2489	5.84728
k39_151725	1376	3.95759	3.95759	2.05535
k39_14812	3047	6.11736	6.11736	7.35914
k39_73501	1096	2.426	2.426	0.835256
k39_53262	1712	4.3137	4.3137	2.34226
k39_112629	1722	4.67748	4.67748	2.75715
k39_92723	1714	3.5633	3.5633	2.06318
k39_132159	1218	2.71348	2.71348	1.13432
k39_53330	4595	9.68864	9.68864	9.61622
k39_92765	1629	5.12238	5.12238	3.06011
k39_132184	1876	3.50348	3.50348	1.26581
k39_14927	7328	7.02145	7.02145	6.5037
k39_14930	1010	2.3686	2.3686	1.41578
k39_53354	1366	6.6949	6.6949	10.4147
k39_34455	1838	3.6955	3.6955	2.38738
k39_53364	1574	4.26826	4.26826	3.04815
k39_34464	1436	2.92613	2.92613	1.51127
k39_53401	1311	3.49871	3.49871	3.88814
k39_92851	1110	3.65625	3.65625	2.27796
k39_15002	2461	4.4405	4.4405	3.85436
k39_53417	1201	2.39201	2.39201	0.62904
k39_53425	1048	3.06904	3.06904	1.69423
k39_132290	1353	3.335	3.335	1.43593
k39_92899	1909	5.0722	5.0722	2.7735
k39_151986	1401	2.64908	2.64908	1.36877
k39_151990	1424	2.6978	2.6978	1.25582
k39_53491	1072	3.47722	3.47722	4.92292
k39_15089	1950	5.28444	5.28444	3.51771
k39_132349	1020	1.84138	1.84138	0.642244
k39_152020	1199	3.48713	3.48713	1.70046
k39_34615	1159	3.05054	3.05054	2.29605
k39_92972	5512	7.23312	7.23312	6.4845
k39_132399	1024	3.68192	3.68192	2.79905
k39_92997	1042	3.98655	3.98655	9.48574
k39_152091	1261	2.84698	2.84698	1.48469
k39_53585	2526	3.34217	3.34217	1.22309
k39_15205	1008	3	3	1.08051
k39_132458	2686	8.67863	8.67863	12.5503
k39_73840	1684	4.32529	4.32529	3.5895
k39_132462	1139	3.16987	3.16987	1.49541
k39_15237	1001	3.53937	3.53937	2.05109
k39_113009	3161	5.97144	5.97144	6.51743
k39_34813	1138	3.10931	3.10931	1.23222
k39_34816	1176	3.1345	3.1345	1.96824
k39_73927	4845	8.3655	8.3655	9.94057
k39_15362	1087	2.84632	2.84632	1.09388
k39_34848	1610	5.5363	5.5363	7.38388
k39_34875	2424	4.61258	4.61258	2.944
k39_113144	2044	8.67635	8.67635	9.59673
k39_34884	1110	3.03646	3.03646	1.25102
k39_34901	1080	3.98602	3.98602	1.68011
k39_34904	1217	3.59606	3.59606	2.36857
k39_113208	1049	4.29366	4.29366	3.73994
k39_113210	1207	3.16272	3.16272	2.91101
k39_93324	2018	2.94379	2.94379	1.5678
k39_74110	2365	3.62935	3.62935	2.14757
k39_35012	2571	4.69682	4.69682	8.30389
k39_53918	2348	3.99454	3.99454	2.14835
k39_132753	1488	2.76383	2.76383	1.05861
k39_152508	1063	3.02848	3.02848	2.69217
k39_53919	9057	7.16964	7.16964	5.70407
k39_132775	2291	3.79262	3.79262	1.94669
k39_53938	1860	4.35322	4.35322	2.9647
k39_152544	1080	3.18817	3.18817	0.878432
k39_35067	1213	3.99812	3.99812	3.44256
k39_132806	1054	3.5885	3.5885	3.76188
k39_15663	1017	4.25952	4.25952	2.36792
k39_113416	1661	4.08206	4.08206	2.20916
k39_152666	1313	3.45658	3.45658	0.933347
k39_35168	1071	3.36482	3.36482	1.51024
k39_74330	3317	3.28544	3.28544	1.73024
k39_93512	1037	3.2965	3.2965	1.1253
k39_74348	3023	8.80265	8.80265	7.81163
k39_35203	1215	3.19812	3.19812	1.73987
k39_152751	1143	3.05337	3.05337	1.15139
k39_152816	1045	2.74637	2.74637	1.50494
k39_54187	1029	2.78271	2.78271	1.55525
k39_15873	1116	4.33851	4.33851	2.30497
k39_35301	1430	9.16406	9.16406	8.04668
k39_152830	2182	4.99114	4.99114	4.14566
k39_35304	1035	3.22825	3.22825	3.34829
k39_54207	1972	7.48628	7.48628	10.441
k39_152834	1120	2.9134	2.9134	1.07196
k39_15905	1120	5.15052	5.15052	2.59653
k39_35378	1062	3.45175	3.45175	1.19416
k39_113655	2537	4.8584	4.8584	4.49551
k39_35402	1617	3.42399	3.42399	1.66458
k39_93709	1038	4.53153	4.53153	2.57173
k39_133161	1153	2.96112	2.96112	0.600288
k39_152944	2116	5.58444	5.58444	4.85366
k39_93717	1233	3.72946	3.72946	1.948
k39_16051	1012	2.62645	2.62645	0.831263
k39_93765	1264	2.2307	2.2307	0.907197
k39_74678	1113	3.88889	3.88889	1.31092
k39_153042	1026	4.47945	4.47945	1.51386
k39_54410	1229	3.40037	3.40037	1.79687
k39_133302	1523	2.69993	2.69993	1.44196
k39_35487	1282	3.79859	3.79859	2.28652
k39_35490	1104	3.74109	3.74109	3.01477
k39_74699	1295	4.00175	4.00175	2.50524
k39_113827	1177	3.96787	3.96787	2.39176
k39_93828	1180	5.72816	5.72816	8.63348
k39_74721	1053	2.98339	2.98339	1.10505
k39_113835	1623	3.6334	3.6334	2.81523
k39_153146	1133	3.60529	3.60529	2.49782
k39_35601	1086	2.41132	2.41132	1.02315
k39_16235	1860	4.72807	4.72807	3.22211
k39_133413	1530	5.99783	5.99783	3.41912
k39_133422	1029	4.23322	4.23322	6.56173
k39_113928	3507	4.13256	4.13256	2.9464
k39_133465	1169	2.68989	2.68989	0.982323
k39_35661	1144	3.49799	3.49799	1.59366
k39_16288	1325	4.54894	4.54894	2.86621
k39_133475	1179	3.76482	3.76482	1.24425
k39_16304	4526	8.49634	8.49634	8.66282
k39_54594	1857	7.09197	7.09197	5.70607
k39_153291	3308	3.95187	3.95187	2.20803
k39_153293	1142	2.48387	2.48387	0.605189
k39_94006	1594	4.47853	4.47853	2.72372
k39_35735	1411	7.03569	7.03569	5.27572
k39_16333	3074	4.57216	4.57216	3.15418
k39_74920	1196	1.75239	1.75239	0.703225
k39_54635	1390	3.94274	3.94274	2.34456
k39_74926	1192	3.69674	3.69674	2.84935
k39_114040	1126	3.34734	3.34734	1.82077
k39_94059	1509	3.03238	3.03238	1.49675
k39_114048	1052	3.13858	3.13858	0.443591
k39_16367	1564	4.22136	4.22136	3.80305
k39_74956	1305	3.18355	3.18355	3.17601
k39_94093	1955	9.54183	9.54183	13.5932
k39_153374	1264	2.56643	2.56643	1.90978
k39_114117	1519	2.70489	2.70489	1.47715
k39_75010	1558	2.71733	2.71733	1.13966
k39_94159	1302	2.58073	2.58073	1.87184
k39_54766	1403	3.79968	3.79968	2.85995
k39_94209	3908	6.17642	6.17642	7.13081
k39_153484	1312	3.71084	3.71084	3.2996
k39_133731	1233	3.98892	3.98892	1.66162
k39_153513	1403	3.13647	3.13647	1.59721
k39_35938	2738	7.52396	7.52396	8.26115
k39_133755	7039	8.3822	8.3822	9.19313
k39_35950	1092	3.33652	3.33652	2.69111
k39_54836	3687	7.51315	7.51315	8.2776
k39_114257	1455	3.46667	3.46667	2.1003
k39_35967	1034	3.46493	3.46493	1.44724
k39_114258	5937	4.96406	4.96406	3.06645
k39_54854	1229	3.3911	3.3911	2.30889
k39_16602	1116	2.47723	2.47723	0.570983
k39_133794	1035	3.8	3.8	1.25973
k39_114283	1620	4.50748	4.50748	3.779
k39_133799	2093	5.41431	5.41431	4.92668
k39_94316	2170	3.79406	3.79406	2.84015
k39_16674	1380	3.53415	3.53415	1.56067
k39_75258	1646	2.57687	2.57687	1.02953
k39_36058	1030	3.08977	3.08977	1.11707
k39_94368	1414	4.5981	4.5981	3.96662
k39_54958	3689	4.86945	4.86945	5.51431
k39_94375	1067	3.41658	3.41658	3.94633
k39_94377	1262	2.36331	2.36331	0.332331
k39_153681	1027	2.83124	2.83124	1.57193
k39_16732	1160	2.6	2.6	1.01328
k39_75311	1549	4.46033	4.46033	2.3273
k39_16752	2149	4.46473	4.46473	3.19083
k39_133939	1017	3.54095	3.54095	2.56269
k39_153741	1355	3.66473	3.66473	3.81443
k39_55038	1015	3.80231	3.80231	1.25369
k39_36183	1014	3.77546	3.77546	2.33886
k39_36218	1668	4.01713	4.01713	2.25681
k39_134025	1093	5.37858	5.37858	2.17818
k39_55112	2122	3.8859	3.8859	2.42889
k39_134052	1442	3.73994	3.73994	1.52333
k39_36272	1097	3.93347	3.93347	3.30105
k39_114584	1916	3.80011	3.80011	2.87618
k39_114598	1017	3.15917	3.15917	3.48505
k39_134090	1673	2.90545	2.90545	1.67042
k39_94603	1455	3.53333	3.53333	2.15705
k39_75516	1378	3.12378	3.12378	1.41254
k39_36326	1006	4.03621	4.03621	1.94137
k39_75525	1982	6.69432	6.69432	6.74338
k39_114653	2276	6.24694	6.24694	5.62036
k39_94657	1317	3.84404	3.84404	3.54685
k39_36380	3807	5.06262	5.06262	4.94825
k39_94749	1174	3.12793	3.12793	2.21333
k39_94764	1097	2.95459	2.95459	1.02226
k39_154028	1379	3.655	3.655	2.19032
k39_154035	1138	3.35223	3.35223	1.31654
k39_114762	1173	3.02639	3.02639	2.3271
k39_94788	1419	3.39244	3.39244	4.34271
k39_55339	1068	3.1122	3.1122	1.02012
k39_114796	1176	4.60331	4.60331	4.32347
k39_94805	1590	6.48264	6.48264	4.82667
k39_75746	1153	3.00299	3.00299	1.22254
k39_55377	1285	2.55947	2.55947	2.20963
k39_36546	1283	2.90821	2.90821	1.74245
k39_94872	1070	5.05543	5.05543	3.58234
k39_75817	1808	6.12244	6.12244	5.4171
k39_55475	1128	5.47035	5.47035	2.50116
k39_75847	1496	3.8945	3.8945	2.43644
k39_75876	1011	3.76307	3.76307	1.83451
k39_17279	1228	5.12802	5.12802	3.70133
k39_134491	1205	3.86445	3.86445	2.57837
k39_134503	1264	3.47846	3.47846	1.60105
k39_75942	1995	5.17832	5.17832	5.18243
k39_134534	1001	3.04113	3.04113	1.40184
k39_95053	1472	3.83661	3.83661	1.3783
k39_115096	2970	4.13262	4.13262	2.67342
k39_55626	1004	2.8103	2.8103	1.19259
k39_36824	2912	8.42904	8.42904	7.63514
k39_55679	5350	7.79115	7.79115	8.94062
k39_17419	1699	2.97611	2.97611	1.43677
k39_134622	1092	3.06051	3.06051	1.17274
k39_55682	1463	2.84235	2.84235	1.82803
k39_36846	1117	5.7456	5.7456	3.12982
k39_36848	1130	3.59898	3.59898	2.89214
k39_55697	1029	2.36974	2.36974	0.725323
k39_76136	1769	4.12662	4.12662	3.24168
k39_55751	1014	2.08449	2.08449	0.492276
k39_55763	2018	3.25428	3.25428	2.31402
k39_55764	1775	7.00615	7.00615	7.49625
k39_154515	1169	3.29441	3.29441	1.28455
k39_76180	1308	3.07513	3.07513	2.74544
k39_134738	1083	2.88317	2.88317	1.13548
k39_115351	2711	4.79656	4.79656	3.43317
k39_17602	2230	3.9601	3.9601	3.23702
k39_134764	1458	3.15291	3.15291	1.2926
k39_115389	1235	4.41198	4.41198	2.09118
k39_17641	1526	2.96512	2.96512	0.808968
k39_17649	1149	2.87287	2.87287	1.78643
k39_55865	1067	4.28244	4.28244	3.02167
k39_17679	2384	4.80483	4.80483	2.02726
k39_115441	1340	3.30336	3.30336	1.63455
k39_134848	2431	6.46865	6.46865	9.95611
k39_115460	2716	5.43375	5.43375	5.14708
k39_134858	3754	5.42481	5.42481	5.41504
k39_17728	1566	5.07486	5.07486	3.43466
k39_95425	11729	7.88255	7.88255	7.08526
k39_55983	1249	3.17106	3.17106	1.20204
k39_76381	4880	6.88647	6.88647	9.11905
k39_95522	1593	3.88011	3.88011	1.72279
k39_56018	1365	3.38354	3.38354	2.0274
k39_76398	1166	4.77067	4.77067	2.88627
k39_17853	1476	3.60633	3.60633	1.36341
k39_76436	1856	4.29308	4.29308	5.42842
k39_56056	1077	3.43258	3.43258	1.86992
k39_115640	1264	3.67504	3.67504	2.21236
k39_135107	1060	4.95714	4.95714	2.39751
k39_56119	1253	3.21124	3.21124	2.09963
k39_135123	1279	3.78299	3.78299	2.60447
k39_135130	1402	4.4393	4.4393	2.29927
k39_115686	1026	2.72146	2.72146	1.19547
k39_56165	1409	3.61875	3.61875	1.54134
k39_154979	1516	4.26794	4.26794	3.32449
k39_135176	1043	2.66965	2.66965	1.59141
k39_76592	1025	2.45486	2.45486	0.831774
k39_56206	1498	3.7819	3.7819	1.34067
k39_37415	1115	3.22383	3.22383	1.40005
k39_135251	1682	3.23629	3.23629	1.02185
k39_115825	1373	3.2036	3.2036	2.53216
k39_56319	1271	4.02141	4.02141	2.46205
k39_37525	1067	3.26936	3.26936	1.62059
k39_155144	1320	3.9735	3.9735	6.67931
k39_95846	1108	2.67432	2.67432	0.777837
k39_37543	1017	3.46943	3.46943	1.64428
k39_18208	1772	3.94698	3.94698	2.70048
k39_155165	1072	3.07918	3.07918	0.932923
k39_18273	1107	5.36782	5.36782	2.62817
k39_115966	1647	4.82164	4.82164	3.07176
k39_135439	2233	4.60346	4.60346	2.1549
k39_18318	1999	7.80855	7.80855	8.04338
k39_155278	1042	1.82399	1.82399	0.573922
k39_37682	1137	3.8926	3.8926	3.2562
k39_135550	1255	2.98643	2.98643	2.54241
k39_37758	6059	4.62684	4.62684	3.08561
k39_56555	1085	2.55829	2.55829	0.899972
k39_37759	1121	4.45932	4.45932	3.40942
k39_56587	1250	8.75636	8.75636	8.24636
k39_135646	2188	5.42444	5.42444	5.89486
k39_18477	1663	3.91077	3.91077	4.25989
k39_96106	1422	4.9261	4.9261	4.00713
k39_155481	1279	3.13198	3.13198	1.29197
k39_18515	2239	3.83341	3.83341	3.05269
k39_135708	1241	5.26215	5.26215	1.81379
k39_155546	1205	3.32133	3.32133	1.93366
k39_37923	1013	3.16802	3.16802	1.82903
k39_116276	1012	3.16357	3.16357	3.03593
k39_18584	4484	8.04545	8.04545	6.27931
k39_37948	1068	3.69172	3.69172	1.67041
k39_135848	1248	5.75774	5.75774	4.06342
k39_116378	1180	2.58932	2.58932	1.1577
k39_135883	2522	3.04553	3.04553	1.25726
k39_135895	1222	8.56437	8.56437	3.15179
k39_18692	2032	5.09511	5.09511	4.07018
k39_56848	1071	3.36482	3.36482	1.32545
k39_77307	1384	6.34846	6.34846	9.24426
k39_155772	1082	2.14807	2.14807	0.697704
k39_116540	4515	7.88293	7.88293	7.66806
k39_18851	4958	5.39351	5.39351	3.40541
k39_136076	1034	3.06109	3.06109	2.41981
k39_96465	1127	2.7349	2.7349	1.29338
k39_57023	1287	3.01847	3.01847	2.57976
k39_57049	1969	3.78725	3.78725	4.3711
k39_116604	1221	3.85434	3.85434	2.75632
k39_96511	1489	3.01718	3.01718	1.21719
k39_116643	1330	3.72203	3.72203	4.67413
k39_155920	1389	3.41566	3.41566	1.65826
k39_116708	1042	2.51345	2.51345	0.690057
k39_136225	1201	5.27307	5.27307	3.56819
k39_77577	3002	5.03436	5.03436	5.0567
k39_155976	1452	3.49078	3.49078	2.94497
k39_136246	1188	3.72929	3.72929	1.33166
k39_116739	3088	5.28931	5.28931	5.38439
k39_136280	1586	3.14902	3.14902	1.77708
k39_96644	3571	4.54341	4.54341	3.71312
k39_19086	1426	3.63401	3.63401	1.77732
k39_156057	1649	4.19346	4.19346	2.26695
k39_57262	1371	4.65274	4.65274	4.54488
k39_38439	2384	3.65175	3.65175	2.53155
k39_116815	2149	3.71686	3.71686	2.58045
k39_38450	1061	3.17783	3.17783	1.44527
k39_57393	3283	4.22917	4.22917	3.23674
k39_19269	1658	3.9443	3.9443	2.81176
k39_57437	2772	4.24676	4.24676	3.6075
k39_156255	2610	6.31789	6.31789	6.78217
k39_136517	1105	2.69424	2.69424	1.65903
k39_136579	1097	3.91658	3.91658	3.6199
k39_117098	2070	6.32812	6.32812	7.59613
k39_57568	1030	3.38295	3.38295	2.75534
k39_57577	1085	5.93583	5.93583	5.22716
k39_136628	2226	4.908	4.908	4.24743
k39_97007	1201	2.47669	2.47669	1.15063
k39_38757	1208	4.16635	4.16635	2.02149
k39_78017	1124	5.02464	5.02464	2.26661
k39_38794	3261	5.41209	5.41209	6.26812
k39_97117	1190	2.725	2.725	1.81073
k39_97121	1061	2.50823	2.50823	1.03921
k39_97153	1001	3.27262	3.27262	1.88557
k39_57733	3068	6.82831	6.82831	9.20499
k39_97182	1353	3.19867	3.19867	2.39228
k39_136784	1596	3.53389	3.53389	1.54453
k39_78148	3523	6.07204	6.07204	6.45775
k39_38943	1537	3.97332	3.97332	3.53392
k39_117372	1145	3.66332	3.66332	3.34025
k39_136867	1272	4.22727	4.22727	1.65125
k39_78215	1039	3.23397	3.23397	1.40691
k39_117400	2212	4.82541	4.82541	4.86808
k39_97304	1296	2.85166	2.85166	2.51248
k39_57877	1357	7.3372	7.3372	4.56531
k39_39071	1159	3.72844	3.72844	2.64641
k39_117440	4394	9.44816	9.44816	9.32266
k39_136948	1015	4.94451	4.94451	5.35109
k39_97368	1125	4.03487	4.03487	3.00701
k39_39132	1256	3.94665	3.94665	1.89489
k39_58054	1193	3.97507	3.97507	1.73067
k39_97522	1015	4.09364	4.09364	2.34192
k39_97847	2089	8.19185	8.19185	6.97761
k39_97863	1257	3.14724	3.14724	1.1311
k39_58593	1934	3.41816	3.41816	2.86151
k39_58668	1070	2.66957	2.66957	1.26175
